Data,Preço Real,Preços Previstos,Erro Absoluto,Erro Percentual,Erro Médio Absoluto (MAE),Erro Quadrático Médio (MSE),Coeficiente de Determinação (R²),Erro Percentual Absoluto Médio (MAPE) (%),Acurácia (%),Valores Iguais?,Mean Absolute Error da Última Epoch,Lossda Última Epoch,Tempo de Execução
2021-11-10,14.760000228881836,14.964907,0.20490646362304688,1.3882551520703454,0.8491066525847631,1.070972832477508,0.9485924184279924,3.5469678426824065,96.4530321573176,False,0.029411790892481804,0.001618355163373053,241.9468469619751
2021-11-11,15.550000190734863,15.0642,0.48579978942871094,3.124114363150712,0.8491066525847631,1.070972832477508,0.9485924184279924,3.5469678426824065,96.4530321573176,False,0.029411790892481804,0.001618355163373053,241.9468469619751
2021-11-12,15.154999732971191,15.292236,0.1372365951538086,0.9055532667231717,0.8491066525847631,1.070972832477508,0.9485924184279924,3.5469678426824065,96.4530321573176,False,0.029411790892481804,0.001618355163373053,241.9468469619751
2021-11-16,15.140000343322754,15.412522,0.27252197265625,1.8000129886155605,0.8491066525847631,1.070972832477508,0.9485924184279924,3.5469678426824065,96.4530321573176,False,0.029411790892481804,0.001618355163373053,241.9468469619751
2021-11-17,14.880000114440918,15.417821,0.5378208160400391,3.614387176772185,0.8491066525847631,1.070972832477508,0.9485924184279924,3.5469678426824065,96.4530321573176,False,0.029411790892481804,0.001618355163373053,241.9468469619751
2021-11-18,14.6850004196167,15.293042,0.6080417633056641,4.1405634724628415,0.8491066525847631,1.070972832477508,0.9485924184279924,3.5469678426824065,96.4530321573176,False,0.029411790892481804,0.001618355163373053,241.9468469619751
2021-11-19,14.574999809265137,15.099619,0.5246191024780273,3.5994450040715185,0.8491066525847631,1.070972832477508,0.9485924184279924,3.5469678426824065,96.4530321573176,False,0.029411790892481804,0.001618355163373053,241.9468469619751
2021-11-22,14.625,14.92934,0.3043403625488281,2.080959743923611,0.8491066525847631,1.070972832477508,0.9485924184279924,3.5469678426824065,96.4530321573176,False,0.029411790892481804,0.001618355163373053,241.9468469619751
2021-11-23,14.4399995803833,14.82555,0.38555049896240234,2.6700173834227225,0.8491066525847631,1.070972832477508,0.9485924184279924,3.5469678426824065,96.4530321573176,False,0.029411790892481804,0.001618355163373053,241.9468469619751
2021-11-24,14.699999809265137,14.761894,0.06189441680908203,0.4210504599467486,0.8491066525847631,1.070972832477508,0.9485924184279924,3.5469678426824065,96.4530321573176,False,0.029411790892481804,0.001618355163373053,241.9468469619751
2021-11-25,15.1850004196167,14.784378,0.4006223678588867,2.638276962714758,0.8491066525847631,1.070972832477508,0.9485924184279924,3.5469678426824065,96.4530321573176,False,0.029411790892481804,0.001618355163373053,241.9468469619751
2021-11-26,15.375,14.992858,0.3821420669555664,2.4854768582475866,0.8491066525847631,1.070972832477508,0.9485924184279924,3.5469678426824065,96.4530321573176,False,0.029411790892481804,0.001618355163373053,241.9468469619751
2021-11-29,15.59000015258789,15.268684,0.3213157653808594,2.061037602539869,0.8491066525847631,1.070972832477508,0.9485924184279924,3.5469678426824065,96.4530321573176,False,0.029411790892481804,0.001618355163373053,241.9468469619751
2021-11-30,15.354999542236328,15.530988,0.17598819732666016,1.1461296162372203,0.8491066525847631,1.070972832477508,0.9485924184279924,3.5469678426824065,96.4530321573176,False,0.029411790892481804,0.001618355163373053,241.9468469619751
2021-12-01,16.25,15.625952,0.6240482330322266,3.840296818659856,0.8491066525847631,1.070972832477508,0.9485924184279924,3.5469678426824065,96.4530321573176,False,0.029411790892481804,0.001618355163373053,241.9468469619751
2021-12-02,15.845000267028809,15.867236,0.022235870361328125,0.14033366984283244,0.8491066525847631,1.070972832477508,0.9485924184279924,3.5469678426824065,96.4530321573176,False,0.029411790892481804,0.001618355163373053,241.9468469619751
2021-12-03,16.104999542236328,15.998791,0.10620880126953125,0.6594772076273103,0.8491066525847631,1.070972832477508,0.9485924184279924,3.5469678426824065,96.4530321573176,False,0.029411790892481804,0.001618355163373053,241.9468469619751
2021-12-06,16.364999771118164,16.09219,0.2728099822998047,1.6670332179366996,0.8491066525847631,1.070972832477508,0.9485924184279924,3.5469678426824065,96.4530321573176,False,0.029411790892481804,0.001618355163373053,241.9468469619751
2021-12-07,16.799999237060547,16.229856,0.5701427459716797,3.3937069753786258,0.8491066525847631,1.070972832477508,0.9485924184279924,3.5469678426824065,96.4530321573176,False,0.029411790892481804,0.001618355163373053,241.9468469619751
2021-12-08,16.389999389648438,16.470177,0.08017730712890625,0.48918432040665283,0.8491066525847631,1.070972832477508,0.9485924184279924,3.5469678426824065,96.4530321573176,False,0.029411790892481804,0.001618355163373053,241.9468469619751
2021-12-09,16.399999618530273,16.559746,0.1597461700439453,0.9740620351201043,0.8491066525847631,1.070972832477508,0.9485924184279924,3.5469678426824065,96.4530321573176,False,0.029411790892481804,0.001618355163373053,241.9468469619751
2021-12-10,16.1299991607666,16.523184,0.3931846618652344,2.4375987744722716,0.8491066525847631,1.070972832477508,0.9485924184279924,3.5469678426824065,96.4530321573176,False,0.029411790892481804,0.001618355163373053,241.9468469619751
2021-12-13,16.25,16.397352,0.1473522186279297,0.9067828838641826,0.8491066525847631,1.070972832477508,0.9485924184279924,3.5469678426824065,96.4530321573176,False,0.029411790892481804,0.001618355163373053,241.9468469619751
2021-12-14,16.239999771118164,16.287535,0.047534942626953125,0.29270285281340386,0.8491066525847631,1.070972832477508,0.9485924184279924,3.5469678426824065,96.4530321573176,False,0.029411790892481804,0.001618355163373053,241.9468469619751
2021-12-15,16.104999542236328,16.243036,0.13803672790527344,0.8571048235255384,0.8491066525847631,1.070972832477508,0.9485924184279924,3.5469678426824065,96.4530321573176,False,0.029411790892481804,0.001618355163373053,241.9468469619751
2021-12-16,15.854999542236328,16.203259,0.34825897216796875,2.196524643474365,0.8491066525847631,1.070972832477508,0.9485924184279924,3.5469678426824065,96.4530321573176,False,0.029411790892481804,0.001618355163373053,241.9468469619751
2021-12-17,15.5600004196167,16.106092,0.5460920333862305,3.5095888088651015,0.8491066525847631,1.070972832477508,0.9485924184279924,3.5469678426824065,96.4530321573176,False,0.029411790892481804,0.001618355163373053,241.9468469619751
2021-12-20,14.984999656677246,15.9114895,0.9264898300170898,6.182781790083327,0.8491066525847631,1.070972832477508,0.9485924184279924,3.5469678426824065,96.4530321573176,False,0.029411790892481804,0.001618355163373053,241.9468469619751
2021-12-21,14.875,15.580464,0.7054643630981445,4.7426175670463495,0.8491066525847631,1.070972832477508,0.9485924184279924,3.5469678426824065,96.4530321573176,False,0.029411790892481804,0.001618355163373053,241.9468469619751
2021-12-22,14.800000190734863,15.258787,0.4587869644165039,3.0999118817830484,0.8491066525847631,1.070972832477508,0.9485924184279924,3.5469678426824065,96.4530321573176,False,0.029411790892481804,0.001618355163373053,241.9468469619751
2021-12-23,14.649999618530272,15.049361,0.39936161041259943,2.726017889498515,0.8491066525847631,1.070972832477508,0.9485924184279924,3.5469678426824065,96.4530321573176,False,0.029411790892481804,0.001618355163373053,241.9468469619751
2021-12-27,14.625,14.91905,0.2940502166748047,2.010599772135417,0.8491066525847631,1.070972832477508,0.9485924184279924,3.5469678426824065,96.4530321573176,False,0.029411790892481804,0.001618355163373053,241.9468469619751
2021-12-28,14.670000076293944,14.852726,0.1827259063720721,1.2455753607482858,0.8491066525847631,1.070972832477508,0.9485924184279924,3.5469678426824065,96.4530321573176,False,0.029411790892481804,0.001618355163373053,241.9468469619751
2021-12-29,14.59000015258789,14.846517,0.2565164566040039,1.7581662366090138,0.8491066525847631,1.070972832477508,0.9485924184279924,3.5469678426824065,96.4530321573176,False,0.029411790892481804,0.001618355163373053,241.9468469619751
2021-12-30,14.5649995803833,14.843847,0.27884769439697266,1.9145053376625938,0.8491066525847631,1.070972832477508,0.9485924184279924,3.5469678426824065,96.4530321573176,False,0.029411790892481804,0.001618355163373053,241.9468469619751
2022-01-03,14.5649995803833,14.823406,0.2584066390991211,1.774161665250942,0.8491066525847631,1.070972832477508,0.9485924184279924,3.5469678426824065,96.4530321573176,False,0.029411790892481804,0.001618355163373053,241.9468469619751
2022-01-04,14.5600004196167,14.808294,0.24829387664794922,1.7053150377208965,0.8491066525847631,1.070972832477508,0.9485924184279924,3.5469678426824065,96.4530321573176,False,0.029411790892481804,0.001618355163373053,241.9468469619751
2022-01-05,14.40999984741211,14.800247,0.3902473449707031,2.7081703615755943,0.8491066525847631,1.070972832477508,0.9485924184279924,3.5469678426824065,96.4530321573176,False,0.029411790892481804,0.001618355163373053,241.9468469619751
2022-01-06,14.210000038146973,14.752397,0.5423965454101562,3.817005939156116,0.8491066525847631,1.070972832477508,0.9485924184279924,3.5469678426824065,96.4530321573176,False,0.029411790892481804,0.001618355163373053,241.9468469619751
2022-01-07,14.30500030517578,14.643013,0.3380126953125018,2.362898903191238,0.8491066525847631,1.070972832477508,0.9485924184279924,3.5469678426824065,96.4530321573176,False,0.029411790892481804,0.001618355163373053,241.9468469619751
2022-01-10,14.270000457763672,14.570802,0.30080127716064453,2.107927592931449,0.8491066525847631,1.070972832477508,0.9485924184279924,3.5469678426824065,96.4530321573176,False,0.029411790892481804,0.001618355163373053,241.9468469619751
2022-01-11,14.359999656677246,14.536097,0.17609691619873047,1.2263016741567072,0.8491066525847631,1.070972832477508,0.9485924184279924,3.5469678426824065,96.4530321573176,False,0.029411790892481804,0.001618355163373053,241.9468469619751
2022-01-12,14.460000038146973,14.554242,0.09424209594726562,0.6517434004055688,0.8491066525847631,1.070972832477508,0.9485924184279924,3.5469678426824065,96.4530321573176,False,0.029411790892481804,0.001618355163373053,241.9468469619751
2022-01-13,14.529999732971191,14.619788,0.08978843688964844,0.6179520890554614,0.8491066525847631,1.070972832477508,0.9485924184279924,3.5469678426824065,96.4530321573176,False,0.029411790892481804,0.001618355163373053,241.9468469619751
2022-01-14,14.850000381469728,14.703646,0.14635467529297053,0.9855533436591438,0.8491066525847631,1.070972832477508,0.9485924184279924,3.5469678426824065,96.4530321573176,False,0.029411790892481804,0.001618355163373053,241.9468469619751
2022-01-17,15.225000381469728,14.854525,0.3704757690429705,2.433338323550223,0.8491066525847631,1.070972832477508,0.9485924184279924,3.5469678426824065,96.4530321573176,False,0.029411790892481804,0.001618355163373053,241.9468469619751
2022-01-18,15.154999732971191,15.096195,0.05880451202392578,0.3880205414718074,0.8491066525847631,1.070972832477508,0.9485924184279924,3.5469678426824065,96.4530321573176,False,0.029411790892481804,0.001618355163373053,241.9468469619751
2022-01-19,15.479999542236328,15.281832,0.1981678009033203,1.280153790461236,0.8491066525847631,1.070972832477508,0.9485924184279924,3.5469678426824065,96.4530321573176,False,0.029411790892481804,0.001618355163373053,241.9468469619751
2022-01-20,15.55500030517578,15.45775,0.09724998474120916,0.6252007896705097,0.8491066525847631,1.070972832477508,0.9485924184279924,3.5469678426824065,96.4530321573176,False,0.029411790892481804,0.001618355163373053,241.9468469619751
2022-01-21,15.574999809265137,15.602412,0.02741241455078125,0.17600266379762242,0.8491066525847631,1.070972832477508,0.9485924184279924,3.5469678426824065,96.4530321573176,False,0.029411790892481804,0.001618355163373053,241.9468469619751
2022-01-24,15.5649995803833,15.687731,0.12273120880126953,0.7885076267907434,0.8491066525847631,1.070972832477508,0.9485924184279924,3.5469678426824065,96.4530321573176,False,0.029411790892481804,0.001618355163373053,241.9468469619751
2022-01-25,15.619999885559082,15.712895,0.0928955078125,0.594721565256753,0.8491066525847631,1.070972832477508,0.9485924184279924,3.5469678426824065,96.4530321573176,False,0.029411790892481804,0.001618355163373053,241.9468469619751
2022-01-26,16.155000686645508,15.72548,0.4295206069946289,2.658747067399948,0.8491066525847631,1.070972832477508,0.9485924184279924,3.5469678426824065,96.4530321573176,False,0.029411790892481804,0.001618355163373053,241.9468469619751
2022-01-27,15.994999885559082,15.891034,0.10396575927734375,0.6499891217330245,0.8491066525847631,1.070972832477508,0.9485924184279924,3.5469678426824065,96.4530321573176,False,0.029411790892481804,0.001618355163373053,241.9468469619751
2022-01-28,16.145000457763672,16.02728,0.11771965026855469,0.72913996240828,0.8491066525847631,1.070972832477508,0.9485924184279924,3.5469678426824065,96.4530321573176,False,0.029411790892481804,0.001618355163373053,241.9468469619751
2022-01-31,16.219999313354492,16.137472,0.08252716064453125,0.508798792467172,0.8491066525847631,1.070972832477508,0.9485924184279924,3.5469678426824065,96.4530321573176,False,0.029411790892481804,0.001618355163373053,241.9468469619751
2022-02-01,16.399999618530273,16.22056,0.17943954467773438,1.0941435905582986,0.8491066525847631,1.070972832477508,0.9485924184279924,3.5469678426824065,96.4530321573176,False,0.029411790892481804,0.001618355163373053,241.9468469619751
2022-02-02,16.260000228881836,16.316736,0.056735992431640625,0.34892983784135057,0.8491066525847631,1.070972832477508,0.9485924184279924,3.5469678426824065,96.4530321573176,False,0.029411790892481804,0.001618355163373053,241.9468469619751
2022-02-03,16.040000915527344,16.34788,0.3078784942626953,1.9194418746239408,0.8491066525847631,1.070972832477508,0.9485924184279924,3.5469678426824065,96.4530321573176,False,0.029411790892481804,0.001618355163373053,241.9468469619751
2022-02-04,16.100000381469727,16.268988,0.16898727416992188,1.0496103737017146,0.8491066525847631,1.070972832477508,0.9485924184279924,3.5469678426824065,96.4530321573176,False,0.029411790892481804,0.001618355163373053,241.9468469619751
2022-02-07,16.065000534057617,16.194471,0.1294708251953125,0.80591858631337,0.8491066525847631,1.070972832477508,0.9485924184279924,3.5469678426824065,96.4530321573176,False,0.029411790892481804,0.001618355163373053,241.9468469619751
2022-02-08,15.90999984741211,16.135538,0.2255382537841797,1.4175880323522776,0.8491066525847631,1.070972832477508,0.9485924184279924,3.5469678426824065,96.4530321573176,False,0.029411790892481804,0.001618355163373053,241.9468469619751
2022-02-09,16.049999237060547,16.064459,0.014459609985351562,0.09009103222860804,0.8491066525847631,1.070972832477508,0.9485924184279924,3.5469678426824065,96.4530321573176,False,0.029411790892481804,0.001618355163373053,241.9468469619751
2022-02-10,16.0,16.047806,0.0478057861328125,0.2987861633300781,0.8491066525847631,1.070972832477508,0.9485924184279924,3.5469678426824065,96.4530321573176,False,0.029411790892481804,0.001618355163373053,241.9468469619751
2022-02-11,16.229999542236328,16.056099,0.17390060424804688,1.0714763348914127,0.8491066525847631,1.070972832477508,0.9485924184279924,3.5469678426824065,96.4530321573176,False,0.029411790892481804,0.001618355163373053,241.9468469619751
2022-02-14,16.700000762939453,16.129665,0.5703353881835938,3.4151818091486486,0.8491066525847631,1.070972832477508,0.9485924184279924,3.5469678426824065,96.4530321573176,False,0.029411790892481804,0.001618355163373053,241.9468469619751
2022-02-15,17.75,16.346645,1.4033546447753906,7.906223350847272,0.8491066525847631,1.070972832477508,0.9485924184279924,3.5469678426824065,96.4530321573176,False,0.029411790892481804,0.001618355163373053,241.9468469619751
2022-02-16,17.59000015258789,16.871275,0.7187252044677734,4.085987482848501,0.8491066525847631,1.070972832477508,0.9485924184279924,3.5469678426824065,96.4530321573176,False,0.029411790892481804,0.001618355163373053,241.9468469619751
2022-02-17,17.655000686645508,17.314388,0.34061241149902344,1.9292687524881689,0.8491066525847631,1.070972832477508,0.9485924184279924,3.5469678426824065,96.4530321573176,False,0.029411790892481804,0.001618355163373053,241.9468469619751
2022-02-18,17.704999923706055,17.549538,0.15546226501464844,0.8780698428950159,0.8491066525847631,1.070972832477508,0.9485924184279924,3.5469678426824065,96.4530321573176,False,0.029411790892481804,0.001618355163373053,241.9468469619751
2022-02-21,18.06999969482422,17.631916,0.4380836486816406,2.4243699838418964,0.8491066525847631,1.070972832477508,0.9485924184279924,3.5469678426824065,96.4530321573176,False,0.029411790892481804,0.001618355163373053,241.9468469619751
2022-02-22,17.700000762939453,17.730703,0.030702590942382812,0.17346095829932615,0.8491066525847631,1.070972832477508,0.9485924184279924,3.5469678426824065,96.4530321573176,False,0.029411790892481804,0.001618355163373053,241.9468469619751
2022-02-23,17.899999618530273,17.713064,0.1869354248046875,1.0443320044050164,0.8491066525847631,1.070972832477508,0.9485924184279924,3.5469678426824065,96.4530321573176,False,0.029411790892481804,0.001618355163373053,241.9468469619751
2022-02-24,17.315000534057617,17.698584,0.38358306884765625,2.2153223044560137,0.8491066525847631,1.070972832477508,0.9485924184279924,3.5469678426824065,96.4530321573176,False,0.029411790892481804,0.001618355163373053,241.9468469619751
2022-02-25,17.354999542236328,17.547377,0.19237709045410156,1.1084822559972956,0.8491066525847631,1.070972832477508,0.9485924184279924,3.5469678426824065,96.4530321573176,False,0.029411790892481804,0.001618355163373053,241.9468469619751
2022-03-02,17.549999237060547,17.365166,0.18483352661132812,1.0531825335981377,0.8491066525847631,1.070972832477508,0.9485924184279924,3.5469678426824065,96.4530321573176,False,0.029411790892481804,0.001618355163373053,241.9468469619751
2022-03-03,17.424999237060547,17.308298,0.11670112609863281,0.6697338950260943,0.8491066525847631,1.070972832477508,0.9485924184279924,3.5469678426824065,96.4530321573176,False,0.029411790892481804,0.001618355163373053,241.9468469619751
2022-03-04,17.315000534057617,17.29864,0.016361236572265625,0.09449168967730615,0.8491066525847631,1.070972832477508,0.9485924184279924,3.5469678426824065,96.4530321573176,False,0.029411790892481804,0.001618355163373053,241.9468469619751
2022-03-07,16.760000228881836,17.277533,0.5175323486328125,3.087901799314834,0.8491066525847631,1.070972832477508,0.9485924184279924,3.5469678426824065,96.4530321573176,False,0.029411790892481804,0.001618355163373053,241.9468469619751
2022-03-08,16.329999923706055,17.079,0.7490005493164062,4.586653722080498,0.8491066525847631,1.070972832477508,0.9485924184279924,3.5469678426824065,96.4530321573176,False,0.029411790892481804,0.001618355163373053,241.9468469619751
2022-03-09,16.55500030517578,16.744802,0.1898021697998047,1.1464945110297862,0.8491066525847631,1.070972832477508,0.9485924184279924,3.5469678426824065,96.4530321573176,False,0.029411790892481804,0.001618355163373053,241.9468469619751
2022-03-10,17.15999984741211,16.519823,0.6401767730712891,3.7306339088798635,0.8491066525847631,1.070972832477508,0.9485924184279924,3.5469678426824065,96.4530321573176,False,0.029411790892481804,0.001618355163373053,241.9468469619751
2022-03-11,17.1299991607666,16.62847,0.5015296936035156,2.927785862080983,0.8491066525847631,1.070972832477508,0.9485924184279924,3.5469678426824065,96.4530321573176,False,0.029411790892481804,0.001618355163373053,241.9468469619751
2022-03-14,16.780000686645508,16.85265,0.07264900207519531,0.43294993505580476,0.8491066525847631,1.070972832477508,0.9485924184279924,3.5469678426824065,96.4530321573176,False,0.029411790892481804,0.001618355163373053,241.9468469619751
2022-03-15,16.704999923706055,16.918762,0.2137622833251953,1.279630555531134,0.8491066525847631,1.070972832477508,0.9485924184279924,3.5469678426824065,96.4530321573176,False,0.029411790892481804,0.001618355163373053,241.9468469619751
2022-03-16,16.600000381469727,16.853735,0.2537345886230469,1.5285215830855408,0.8491066525847631,1.070972832477508,0.9485924184279924,3.5469678426824065,96.4530321573176,False,0.029411790892481804,0.001618355163373053,241.9468469619751
2022-03-17,16.729999542236328,16.721752,0.00824737548828125,0.049296925965001,0.8491066525847631,1.070972832477508,0.9485924184279924,3.5469678426824065,96.4530321573176,False,0.029411790892481804,0.001618355163373053,241.9468469619751
2022-03-18,16.969999313354492,16.6482,0.32180023193359375,1.8962890097488336,0.8491066525847631,1.070972832477508,0.9485924184279924,3.5469678426824065,96.4530321573176,False,0.029411790892481804,0.001618355163373053,241.9468469619751
2022-03-21,16.899999618530273,16.714264,0.18573570251464844,1.099027850337911,0.8491066525847631,1.070972832477508,0.9485924184279924,3.5469678426824065,96.4530321573176,False,0.029411790892481804,0.001618355163373053,241.9468469619751
2022-03-22,17.299999237060547,16.810545,0.4894542694091797,2.8292155548808173,0.8491066525847631,1.070972832477508,0.9485924184279924,3.5469678426824065,96.4530321573176,False,0.029411790892481804,0.001618355163373053,241.9468469619751
2022-03-23,17.5,16.983267,0.5167331695556641,2.952760968889509,0.8491066525847631,1.070972832477508,0.9485924184279924,3.5469678426824065,96.4530321573176,False,0.029411790892481804,0.001618355163373053,241.9468469619751
2022-03-24,17.489999771118164,17.191122,0.2988777160644531,1.7088491708158862,0.8491066525847631,1.070972832477508,0.9485924184279924,3.5469678426824065,96.4530321573176,False,0.029411790892481804,0.001618355163373053,241.9468469619751
2022-03-25,17.674999237060547,17.339933,0.3350658416748047,1.8957049852214198,0.8491066525847631,1.070972832477508,0.9485924184279924,3.5469678426824065,96.4530321573176,False,0.029411790892481804,0.001618355163373053,241.9468469619751
2022-03-28,17.71500015258789,17.456673,0.2583274841308594,1.458241501020375,0.8491066525847631,1.070972832477508,0.9485924184279924,3.5469678426824065,96.4530321573176,False,0.029411790892481804,0.001618355163373053,241.9468469619751
2022-03-29,17.700000762939453,17.5403,0.1597003936767578,0.9022620722770874,0.8491066525847631,1.070972832477508,0.9485924184279924,3.5469678426824065,96.4530321573176,False,0.029411790892481804,0.001618355163373053,241.9468469619751
2022-03-30,17.545000076293945,17.578377,0.03337669372558594,0.1902347881473258,0.8491066525847631,1.070972832477508,0.9485924184279924,3.5469678426824065,96.4530321573176,False,0.029411790892481804,0.001618355163373053,241.9468469619751
2022-03-31,17.389999389648438,17.531504,0.14150428771972656,0.8137107112491236,0.8491066525847631,1.070972832477508,0.9485924184279924,3.5469678426824065,96.4530321573176,False,0.029411790892481804,0.001618355163373053,241.9468469619751
2022-04-01,17.475000381469727,17.425343,0.04965782165527344,0.2841649245852377,0.8491066525847631,1.070972832477508,0.9485924184279924,3.5469678426824065,96.4530321573176,False,0.029411790892481804,0.001618355163373053,241.9468469619751
2022-04-04,17.239999771118164,17.35432,0.11432075500488281,0.6631134369062008,0.8491066525847631,1.070972832477508,0.9485924184279924,3.5469678426824065,96.4530321573176,False,0.029411790892481804,0.001618355163373053,241.9468469619751
2022-04-05,17.135000228881836,17.259401,0.12440109252929688,0.7260057827114182,0.8491066525847631,1.070972832477508,0.9485924184279924,3.5469678426824065,96.4530321573176,False,0.029411790892481804,0.001618355163373053,241.9468469619751
2022-04-06,16.725000381469727,17.152798,0.4277973175048828,2.5578314364575796,0.8491066525847631,1.070972832477508,0.9485924184279924,3.5469678426824065,96.4530321573176,False,0.029411790892481804,0.001618355163373053,241.9468469619751
2022-04-07,16.65999984741211,16.957434,0.29743385314941406,1.7853172621464106,0.8491066525847631,1.070972832477508,0.9485924184279924,3.5469678426824065,96.4530321573176,False,0.029411790892481804,0.001618355163373053,241.9468469619751
2022-04-08,17.040000915527344,16.763678,0.2763233184814453,1.6216156316614483,0.8491066525847631,1.070972832477508,0.9485924184279924,3.5469678426824065,96.4530321573176,False,0.029411790892481804,0.001618355163373053,241.9468469619751
2022-04-11,17.325000762939453,16.754147,0.5708541870117188,3.2949735173048533,0.8491066525847631,1.070972832477508,0.9485924184279924,3.5469678426824065,96.4530321573176,False,0.029411790892481804,0.001618355163373053,241.9468469619751
2022-04-12,17.604999542236328,16.925299,0.6797008514404297,3.8608399268046143,0.8491066525847631,1.070972832477508,0.9485924184279924,3.5469678426824065,96.4530321573176,False,0.029411790892481804,0.001618355163373053,241.9468469619751
2022-04-13,17.704999923706055,17.198753,0.5062465667724609,2.8593423832474785,0.8491066525847631,1.070972832477508,0.9485924184279924,3.5469678426824065,96.4530321573176,False,0.029411790892481804,0.001618355163373053,241.9468469619751
2022-04-14,17.545000076293945,17.43929,0.10571098327636719,0.6025134386815953,0.8491066525847631,1.070972832477508,0.9485924184279924,3.5469678426824065,96.4530321573176,False,0.029411790892481804,0.001618355163373053,241.9468469619751
2022-04-18,17.594999313354492,17.529312,0.06568717956542969,0.3733286850177569,0.8491066525847631,1.070972832477508,0.9485924184279924,3.5469678426824065,96.4530321573176,False,0.029411790892481804,0.001618355163373053,241.9468469619751
2022-04-19,18.190000534057617,17.522804,0.6671962738037109,3.6679288302081234,0.8491066525847631,1.070972832477508,0.9485924184279924,3.5469678426824065,96.4530321573176,False,0.029411790892481804,0.001618355163373053,241.9468469619751
2022-04-20,17.6200008392334,17.66369,0.043689727783203125,0.24795531045561492,0.8491066525847631,1.070972832477508,0.9485924184279924,3.5469678426824065,96.4530321573176,False,0.029411790892481804,0.001618355163373053,241.9468469619751
2022-04-22,17.364999771118164,17.680593,0.3155937194824219,1.8174127477232915,0.8491066525847631,1.070972832477508,0.9485924184279924,3.5469678426824065,96.4530321573176,False,0.029411790892481804,0.001618355163373053,241.9468469619751
2022-04-25,17.125,17.533049,0.4080486297607422,2.3827657212306113,0.8491066525847631,1.070972832477508,0.9485924184279924,3.5469678426824065,96.4530321573176,False,0.029411790892481804,0.001618355163373053,241.9468469619751
2022-04-26,17.200000762939453,17.2988,0.09879875183105469,0.5744113223758377,0.8491066525847631,1.070972832477508,0.9485924184279924,3.5469678426824065,96.4530321573176,False,0.029411790892481804,0.001618355163373053,241.9468469619751
2022-04-27,17.174999237060547,17.134647,0.04035186767578125,0.23494538263913986,0.8491066525847631,1.070972832477508,0.9485924184279924,3.5469678426824065,96.4530321573176,False,0.029411790892481804,0.001618355163373053,241.9468469619751
2022-04-28,17.084999084472656,17.056871,0.028127670288085938,0.16463372429237752,0.8491066525847631,1.070972832477508,0.9485924184279924,3.5469678426824065,96.4530321573176,False,0.029411790892481804,0.001618355163373053,241.9468469619751
2022-04-29,17.100000381469727,17.018282,0.08171844482421875,0.4778856315861388,0.8491066525847631,1.070972832477508,0.9485924184279924,3.5469678426824065,96.4530321573176,False,0.029411790892481804,0.001618355163373053,241.9468469619751
2022-05-02,16.635000228881836,17.021442,0.3864421844482422,2.3230669019005954,0.8491066525847631,1.070972832477508,0.9485924184279924,3.5469678426824065,96.4530321573176,False,0.029411790892481804,0.001618355163373053,241.9468469619751
2022-05-03,16.489999771118164,16.885485,0.39548492431640625,2.3983318969421004,0.8491066525847631,1.070972832477508,0.9485924184279924,3.5469678426824065,96.4530321573176,False,0.029411790892481804,0.001618355163373053,241.9468469619751
2022-05-04,16.770000457763672,16.683764,0.08623695373535156,0.5142334608311127,0.8491066525847631,1.070972832477508,0.9485924184279924,3.5469678426824065,96.4530321573176,False,0.029411790892481804,0.001618355163373053,241.9468469619751
2022-05-05,17.18000030517578,16.610582,0.5694179534912109,3.3144234189545596,0.8491066525847631,1.070972832477508,0.9485924184279924,3.5469678426824065,96.4530321573176,False,0.029411790892481804,0.001618355163373053,241.9468469619751
2022-05-06,16.834999084472656,16.759333,0.07566642761230469,0.4494590539187718,0.8491066525847631,1.070972832477508,0.9485924184279924,3.5469678426824065,96.4530321573176,False,0.029411790892481804,0.001618355163373053,241.9468469619751
2022-05-09,16.684999465942383,16.854622,0.16962242126464844,1.016616282253312,0.8491066525847631,1.070972832477508,0.9485924184279924,3.5469678426824065,96.4530321573176,False,0.029411790892481804,0.001618355163373053,241.9468469619751
2022-05-10,17.079999923706055,16.822966,0.2570343017578125,1.504884677435295,0.8491066525847631,1.070972832477508,0.9485924184279924,3.5469678426824065,96.4530321573176,False,0.029411790892481804,0.001618355163373053,241.9468469619751
2022-05-11,16.764999389648438,16.864275,0.09927558898925781,0.5921598127260035,0.8491066525847631,1.070972832477508,0.9485924184279924,3.5469678426824065,96.4530321573176,False,0.029411790892481804,0.001618355163373053,241.9468469619751
2022-05-12,17.399999618530273,16.84049,0.55950927734375,3.2155706299435547,0.8491066525847631,1.070972832477508,0.9485924184279924,3.5469678426824065,96.4530321573176,False,0.029411790892481804,0.001618355163373053,241.9468469619751
2022-05-13,17.704999923706055,16.970097,0.7349033355712891,4.1508237149851235,0.8491066525847631,1.070972832477508,0.9485924184279924,3.5469678426824065,96.4530321573176,False,0.029411790892481804,0.001618355163373053,241.9468469619751
2022-05-16,17.55500030517578,17.240557,0.31444358825683594,1.7911910156112492,0.8491066525847631,1.070972832477508,0.9485924184279924,3.5469678426824065,96.4530321573176,False,0.029411790892481804,0.001618355163373053,241.9468469619751
2022-05-17,18.07999992370605,17.434372,0.6456279754638636,3.5709512067936022,0.8491066525847631,1.070972832477508,0.9485924184279924,3.5469678426824065,96.4530321573176,False,0.029411790892481804,0.001618355163373053,241.9468469619751
2022-05-18,18.200000762939453,17.650648,0.5493526458740234,3.0184210046444986,0.8491066525847631,1.070972832477508,0.9485924184279924,3.5469678426824065,96.4530321573176,False,0.029411790892481804,0.001618355163373053,241.9468469619751
2022-05-19,17.950000762939453,17.855745,0.09425544738769531,0.5250999631281367,0.8491066525847631,1.070972832477508,0.9485924184279924,3.5469678426824065,96.4530321573176,False,0.029411790892481804,0.001618355163373053,241.9468469619751
2022-05-20,18.13500022888184,17.916792,0.2182083129882848,1.2032440597423637,0.8491066525847631,1.070972832477508,0.9485924184279924,3.5469678426824065,96.4530321573176,False,0.029411790892481804,0.001618355163373053,241.9468469619751
2022-05-23,18.655000686645508,17.923162,0.7318382263183594,3.9230136659402963,0.8491066525847631,1.070972832477508,0.9485924184279924,3.5469678426824065,96.4530321573176,False,0.029411790892481804,0.001618355163373053,241.9468469619751
2022-05-24,18.799999237060547,18.087572,0.7124271392822266,3.789506213797152,0.8491066525847631,1.070972832477508,0.9485924184279924,3.5469678426824065,96.4530321573176,False,0.029411790892481804,0.001618355163373053,241.9468469619751
2022-05-25,18.76499938964844,18.31767,0.44732856750488637,2.383845361336124,0.8491066525847631,1.070972832477508,0.9485924184279924,3.5469678426824065,96.4530321573176,False,0.029411790892481804,0.001618355163373053,241.9468469619751
2022-05-26,18.70499992370605,18.46778,0.2372207641601527,1.2682211447619818,0.8491066525847631,1.070972832477508,0.9485924184279924,3.5469678426824065,96.4530321573176,False,0.029411790892481804,0.001618355163373053,241.9468469619751
2022-05-27,18.68000030517578,18.517694,0.1623058319091797,0.8688748889592288,0.8491066525847631,1.070972832477508,0.9485924184279924,3.5469678426824065,96.4530321573176,False,0.029411790892481804,0.001618355163373053,241.9468469619751
2022-05-30,18.600000381469727,18.494234,0.10576629638671875,0.5686359904169065,0.8491066525847631,1.070972832477508,0.9485924184279924,3.5469678426824065,96.4530321573176,False,0.029411790892481804,0.001618355163373053,241.9468469619751
2022-05-31,18.06999969482422,18.420605,0.3506050109863281,1.9402601931794816,0.8491066525847631,1.070972832477508,0.9485924184279924,3.5469678426824065,96.4530321573176,False,0.029411790892481804,0.001618355163373053,241.9468469619751
2022-06-01,18.5,18.203701,0.2962989807128906,1.601616111961571,0.8491066525847631,1.070972832477508,0.9485924184279924,3.5469678426824065,96.4530321573176,False,0.029411790892481804,0.001618355163373053,241.9468469619751
2022-06-02,18.45499992370605,18.12273,0.332269668579098,1.8004316984704332,0.8491066525847631,1.070972832477508,0.9485924184279924,3.5469678426824065,96.4530321573176,False,0.029411790892481804,0.001618355163373053,241.9468469619751
2022-06-03,18.30500030517578,18.136734,0.16826629638671875,0.9192367854762672,0.8491066525847631,1.070972832477508,0.9485924184279924,3.5469678426824065,96.4530321573176,False,0.029411790892481804,0.001618355163373053,241.9468469619751
2022-06-06,18.1299991607666,18.132128,0.00212860107421875,0.011740767637899576,0.8491066525847631,1.070972832477508,0.9485924184279924,3.5469678426824065,96.4530321573176,False,0.029411790892481804,0.001618355163373053,241.9468469619751
2022-06-07,17.799999237060547,18.059874,0.2598743438720703,1.4599682865772157,0.8491066525847631,1.070972832477508,0.9485924184279924,3.5469678426824065,96.4530321573176,False,0.029411790892481804,0.001618355163373053,241.9468469619751
2022-06-08,17.6200008392334,17.885162,0.26516151428222656,1.5048893396861103,0.8491066525847631,1.070972832477508,0.9485924184279924,3.5469678426824065,96.4530321573176,False,0.029411790892481804,0.001618355163373053,241.9468469619751
2022-06-09,17.524999618530273,17.669786,0.14478683471679688,0.826173111945205,0.8491066525847631,1.070972832477508,0.9485924184279924,3.5469678426824065,96.4530321573176,False,0.029411790892481804,0.001618355163373053,241.9468469619751
2022-06-10,17.44499969482422,17.478136,0.03313636779785156,0.18994765478661965,0.8491066525847631,1.070972832477508,0.9485924184279924,3.5469678426824065,96.4530321573176,False,0.029411790892481804,0.001618355163373053,241.9468469619751
2022-06-13,17.05500030517578,17.360996,0.3059959411621094,1.794171420033613,0.8491066525847631,1.070972832477508,0.9485924184279924,3.5469678426824065,96.4530321573176,False,0.029411790892481804,0.001618355163373053,241.9468469619751
2022-06-14,16.834999084472656,17.194958,0.3599586486816406,2.1381566276035,0.8491066525847631,1.070972832477508,0.9485924184279924,3.5469678426824065,96.4530321573176,False,0.029411790892481804,0.001618355163373053,241.9468469619751
2022-06-15,16.920000076293945,16.987764,0.0677642822265625,0.40049812010051233,0.8491066525847631,1.070972832477508,0.9485924184279924,3.5469678426824065,96.4530321573176,False,0.029411790892481804,0.001618355163373053,241.9468469619751
2022-06-17,16.875,16.860073,0.014926910400390625,0.08845576533564814,0.8491066525847631,1.070972832477508,0.9485924184279924,3.5469678426824065,96.4530321573176,False,0.029411790892481804,0.001618355163373053,241.9468469619751
2022-06-20,17.104999542236328,16.803638,0.301361083984375,1.76183041244896,0.8491066525847631,1.070972832477508,0.9485924184279924,3.5469678426824065,96.4530321573176,False,0.029411790892481804,0.001618355163373053,241.9468469619751
2022-06-21,17.350000381469727,16.86269,0.48731040954589844,2.8087054687696678,0.8491066525847631,1.070972832477508,0.9485924184279924,3.5469678426824065,96.4530321573176,False,0.029411790892481804,0.001618355163373053,241.9468469619751
2022-06-22,16.399999618530273,17.028048,0.6280479431152344,3.8295607178283486,0.8491066525847631,1.070972832477508,0.9485924184279924,3.5469678426824065,96.4530321573176,False,0.029411790892481804,0.001618355163373053,241.9468469619751
2022-06-23,16.454999923706055,16.90412,0.44911956787109375,2.729380552740479,0.8491066525847631,1.070972832477508,0.9485924184279924,3.5469678426824065,96.4530321573176,False,0.029411790892481804,0.001618355163373053,241.9468469619751
2022-06-24,16.434999465942383,16.670614,0.23561477661132812,1.4336159675549949,0.8491066525847631,1.070972832477508,0.9485924184279924,3.5469678426824065,96.4530321573176,False,0.029411790892481804,0.001618355163373053,241.9468469619751
2022-06-27,16.229999542236328,16.489286,0.25928688049316406,1.597577866951911,0.8491066525847631,1.070972832477508,0.9485924184279924,3.5469678426824065,96.4530321573176,False,0.029411790892481804,0.001618355163373053,241.9468469619751
2022-06-28,16.700000762939453,16.347227,0.35277366638183594,2.1124170674573217,0.8491066525847631,1.070972832477508,0.9485924184279924,3.5469678426824065,96.4530321573176,False,0.029411790892481804,0.001618355163373053,241.9468469619751
2022-06-29,16.614999771118164,16.398954,0.21604537963867188,1.30030323571971,0.8491066525847631,1.070972832477508,0.9485924184279924,3.5469678426824065,96.4530321573176,False,0.029411790892481804,0.001618355163373053,241.9468469619751
2022-06-30,16.325000762939453,16.51332,0.18832015991210938,1.1535690726559007,0.8491066525847631,1.070972832477508,0.9485924184279924,3.5469678426824065,96.4530321573176,False,0.029411790892481804,0.001618355163373053,241.9468469619751
2022-07-01,16.524999618530273,16.518467,0.0065326690673828125,0.03953203762895957,0.8491066525847631,1.070972832477508,0.9485924184279924,3.5469678426824065,96.4530321573176,False,0.029411790892481804,0.001618355163373053,241.9468469619751
2022-07-04,16.55500030517578,16.496487,0.058513641357421875,0.35344995638041804,0.8491066525847631,1.070972832477508,0.9485924184279924,3.5469678426824065,96.4530321573176,False,0.029411790892481804,0.001618355163373053,241.9468469619751
2022-07-05,16.434999465942383,16.50892,0.07392120361328125,0.44977916650660876,0.8491066525847631,1.070972832477508,0.9485924184279924,3.5469678426824065,96.4530321573176,False,0.029411790892481804,0.001618355163373053,241.9468469619751
2022-07-06,16.34000015258789,16.495575,0.15557479858398438,0.9521101415616866,0.8491066525847631,1.070972832477508,0.9485924184279924,3.5469678426824065,96.4530321573176,False,0.029411790892481804,0.001618355163373053,241.9468469619751
2022-07-07,16.475000381469727,16.437336,0.03766441345214844,0.22861555435538275,0.8491066525847631,1.070972832477508,0.9485924184279924,3.5469678426824065,96.4530321573176,False,0.029411790892481804,0.001618355163373053,241.9468469619751
2022-07-08,16.584999084472656,16.431988,0.15301132202148438,0.9225886672778769,0.8491066525847631,1.070972832477508,0.9485924184279924,3.5469678426824065,96.4530321573176,False,0.029411790892481804,0.001618355163373053,241.9468469619751
2022-07-11,16.565000534057617,16.482325,0.08267593383789062,0.4991000976299942,0.8491066525847631,1.070972832477508,0.9485924184279924,3.5469678426824065,96.4530321573176,False,0.029411790892481804,0.001618355163373053,241.9468469619751
2022-07-12,16.4950008392334,16.529108,0.034107208251953125,0.2067730010102761,0.8491066525847631,1.070972832477508,0.9485924184279924,3.5469678426824065,96.4530321573176,False,0.029411790892481804,0.001618355163373053,241.9468469619751
2022-07-13,16.399999618530273,16.541237,0.1412372589111328,0.861202818270493,0.8491066525847631,1.070972832477508,0.9485924184279924,3.5469678426824065,96.4530321573176,False,0.029411790892481804,0.001618355163373053,241.9468469619751
2022-07-14,16.25,16.501316,0.2513160705566406,1.5465604341947115,0.8491066525847631,1.070972832477508,0.9485924184279924,3.5469678426824065,96.4530321573176,False,0.029411790892481804,0.001618355163373053,241.9468469619751
2022-07-15,16.299999237060547,16.405693,0.10569381713867188,0.6484283563545253,0.8491066525847631,1.070972832477508,0.9485924184279924,3.5469678426824065,96.4530321573176,False,0.029411790892481804,0.001618355163373053,241.9468469619751
2022-07-18,16.75,16.332636,0.41736412048339844,2.4917260924381996,0.8491066525847631,1.070972832477508,0.9485924184279924,3.5469678426824065,96.4530321573176,False,0.029411790892481804,0.001618355163373053,241.9468469619751
2022-07-19,16.940000534057617,16.436512,0.5034885406494141,2.972187277309454,0.8491066525847631,1.070972832477508,0.9485924184279924,3.5469678426824065,96.4530321573176,False,0.029411790892481804,0.001618355163373053,241.9468469619751
2022-07-20,17.270000457763672,16.649717,0.6202831268310547,3.5916798517061324,0.8491066525847631,1.070972832477508,0.9485924184279924,3.5469678426824065,96.4530321573176,False,0.029411790892481804,0.001618355163373053,241.9468469619751
2022-07-21,17.309999465942383,16.923609,0.38639068603515625,2.232181963930064,0.8491066525847631,1.070972832477508,0.9485924184279924,3.5469678426824065,96.4530321573176,False,0.029411790892481804,0.001618355163373053,241.9468469619751
2022-07-22,17.459999084472656,17.13892,0.3210792541503906,1.8389419873219206,0.8491066525847631,1.070972832477508,0.9485924184279924,3.5469678426824065,96.4530321573176,False,0.029411790892481804,0.001618355163373053,241.9468469619751
2022-07-25,17.274999618530273,17.289337,0.014337539672851562,0.0829958899534342,0.8491066525847631,1.070972832477508,0.9485924184279924,3.5469678426824065,96.4530321573176,False,0.029411790892481804,0.001618355163373053,241.9468469619751
2022-07-26,17.68000030517578,17.3062,0.37380027770996094,2.114254927928546,0.8491066525847631,1.070972832477508,0.9485924184279924,3.5469678426824065,96.4530321573176,False,0.029411790892481804,0.001618355163373053,241.9468469619751
2022-07-27,17.704999923706055,17.374937,0.3300628662109375,1.8642353438759456,0.8491066525847631,1.070972832477508,0.9485924184279924,3.5469678426824065,96.4530321573176,False,0.029411790892481804,0.001618355163373053,241.9468469619751
2022-07-28,17.825000762939453,17.475718,0.34928321838378906,1.9595130627427255,0.8491066525847631,1.070972832477508,0.9485924184279924,3.5469678426824065,96.4530321573176,False,0.029411790892481804,0.001618355163373053,241.9468469619751
2022-07-29,18.084999084472656,17.58163,0.5033683776855469,2.783347543090156,0.8491066525847631,1.070972832477508,0.9485924184279924,3.5469678426824065,96.4530321573176,False,0.029411790892481804,0.001618355163373053,241.9468469619751
2022-08-01,17.989999771118164,17.733149,0.2568511962890625,1.4277442999272365,0.8491066525847631,1.070972832477508,0.9485924184279924,3.5469678426824065,96.4530321573176,False,0.029411790892481804,0.001618355163373053,241.9468469619751
2022-08-02,17.850000381469727,17.824558,0.025442123413085938,0.14253290122894158,0.8491066525847631,1.070972832477508,0.9485924184279924,3.5469678426824065,96.4530321573176,False,0.029411790892481804,0.001618355163373053,241.9468469619751
2022-08-03,18.114999771118164,17.810987,0.3040122985839844,1.6782351776161184,0.8491066525847631,1.070972832477508,0.9485924184279924,3.5469678426824065,96.4530321573176,False,0.029411790892481804,0.001618355163373053,241.9468469619751
2022-08-04,18.34499931335449,17.825588,0.5194110870361293,2.8313497218722543,0.8491066525847631,1.070972832477508,0.9485924184279924,3.5469678426824065,96.4530321573176,False,0.029411790892481804,0.001618355163373053,241.9468469619751
2022-08-05,18.549999237060547,17.939983,0.610015869140625,3.2884953866838478,0.8491066525847631,1.070972832477508,0.9485924184279924,3.5469678426824065,96.4530321573176,False,0.029411790892481804,0.001618355163373053,241.9468469619751
2022-08-08,18.975000381469727,18.114716,0.8602848052978516,4.533780173928078,0.8491066525847631,1.070972832477508,0.9485924184279924,3.5469678426824065,96.4530321573176,False,0.029411790892481804,0.001618355163373053,241.9468469619751
2022-08-09,19.549999237060547,18.379427,1.170572280883789,5.9875822330711825,0.8491066525847631,1.070972832477508,0.9485924184279924,3.5469678426824065,96.4530321573176,False,0.029411790892481804,0.001618355163373053,241.9468469619751
2022-08-10,19.959999084472656,18.769054,1.1909446716308594,5.9666569451765294,0.8491066525847631,1.070972832477508,0.9485924184279924,3.5469678426824065,96.4530321573176,False,0.029411790892481804,0.001618355163373053,241.9468469619751
2022-08-11,21.075000762939453,19.196583,1.87841796875,8.913014950173629,0.8491066525847631,1.070972832477508,0.9485924184279924,3.5469678426824065,96.4530321573176,False,0.029411790892481804,0.001618355163373053,241.9468469619751
2022-08-12,21.01499938964844,19.814575,1.200424194335941,5.712225692127526,0.8491066525847631,1.070972832477508,0.9485924184279924,3.5469678426824065,96.4530321573176,False,0.029411790892481804,0.001618355163373053,241.9468469619751
2022-08-15,21.84499931335449,20.305536,1.539463043212887,7.047210307174366,0.8491066525847631,1.070972832477508,0.9485924184279924,3.5469678426824065,96.4530321573176,False,0.029411790892481804,0.001618355163373053,241.9468469619751
2022-08-16,21.5,20.787401,0.7125988006591797,3.3144130263217657,0.8491066525847631,1.070972832477508,0.9485924184279924,3.5469678426824065,96.4530321573176,False,0.029411790892481804,0.001618355163373053,241.9468469619751
2022-08-17,21.415000915527344,21.013607,0.4013938903808594,1.8743585020807603,0.8491066525847631,1.070972832477508,0.9485924184279924,3.5469678426824065,96.4530321573176,False,0.029411790892481804,0.001618355163373053,241.9468469619751
2022-08-18,21.405000686645508,21.008476,0.39652442932128906,1.8524850109847415,0.8491066525847631,1.070972832477508,0.9485924184279924,3.5469678426824065,96.4530321573176,False,0.029411790892481804,0.001618355163373053,241.9468469619751
2022-08-19,20.63999938964844,20.913635,0.27363586425780895,1.3257551954921338,0.8491066525847631,1.070972832477508,0.9485924184279924,3.5469678426824065,96.4530321573176,False,0.029411790892481804,0.001618355163373053,241.9468469619751
2022-08-22,20.51499938964844,20.597334,0.08233451843261363,0.40133814712253124,0.8491066525847631,1.070972832477508,0.9485924184279924,3.5469678426824065,96.4530321573176,False,0.029411790892481804,0.001618355163373053,241.9468469619751
2022-08-23,20.45499992370605,20.260422,0.19457817077636363,0.9512499217898303,0.8491066525847631,1.070972832477508,0.9485924184279924,3.5469678426824065,96.4530321573176,False,0.029411790892481804,0.001618355163373053,241.9468469619751
2022-08-24,20.78499984741211,20.012722,0.77227783203125,3.715553705560428,0.8491066525847631,1.070972832477508,0.9485924184279924,3.5469678426824065,96.4530321573176,False,0.029411790892481804,0.001618355163373053,241.9468469619751
2022-08-25,20.604999542236328,20.014103,0.5908966064453125,2.8677341401250067,0.8491066525847631,1.070972832477508,0.9485924184279924,3.5469678426824065,96.4530321573176,False,0.029411790892481804,0.001618355163373053,241.9468469619751
2022-08-26,20.940000534057617,20.058296,0.8817043304443359,4.210622292059154,0.8491066525847631,1.070972832477508,0.9485924184279924,3.5469678426824065,96.4530321573176,False,0.029411790892481804,0.001618355163373053,241.9468469619751
2022-08-29,20.76499938964844,20.191498,0.573501586914066,2.761866620617202,0.8491066525847631,1.070972832477508,0.9485924184279924,3.5469678426824065,96.4530321573176,False,0.029411790892481804,0.001618355163373053,241.9468469619751
2022-08-30,21.325000762939453,20.274143,1.0508575439453125,4.927819490499571,0.8491066525847631,1.070972832477508,0.9485924184279924,3.5469678426824065,96.4530321573176,False,0.029411790892481804,0.001618355163373053,241.9468469619751
2022-08-31,21.19499969482422,20.443924,0.7510757446289062,3.5436459327353407,0.8491066525847631,1.070972832477508,0.9485924184279924,3.5469678426824065,96.4530321573176,False,0.029411790892481804,0.001618355163373053,241.9468469619751
2022-09-01,21.0,20.579185,0.42081451416015625,2.003878638857887,0.8491066525847631,1.070972832477508,0.9485924184279924,3.5469678426824065,96.4530321573176,False,0.029411790892481804,0.001618355163373053,241.9468469619751
2022-09-02,21.290000915527344,20.579828,0.7101726531982422,3.3357098293043994,0.8491066525847631,1.070972832477508,0.9485924184279924,3.5469678426824065,96.4530321573176,False,0.029411790892481804,0.001618355163373053,241.9468469619751
2022-09-05,21.450000762939453,20.60988,0.8401203155517578,3.9166446884388355,0.8491066525847631,1.070972832477508,0.9485924184279924,3.5469678426824065,96.4530321573176,False,0.029411790892481804,0.001618355163373053,241.9468469619751
2022-09-06,20.155000686645508,20.696121,0.5411205291748047,2.6847953894308,0.8491066525847631,1.070972832477508,0.9485924184279924,3.5469678426824065,96.4530321573176,False,0.029411790892481804,0.001618355163373053,241.9468469619751
2022-09-08,19.989999771118164,20.40423,0.4142303466796875,2.0721878510382643,0.8491066525847631,1.070972832477508,0.9485924184279924,3.5469678426824065,96.4530321573176,False,0.029411790892481804,0.001618355163373053,241.9468469619751
2022-09-09,19.96500015258789,19.952438,0.012561798095703125,0.06291909842071726,0.8491066525847631,1.070972832477508,0.9485924184279924,3.5469678426824065,96.4530321573176,False,0.029411790892481804,0.001618355163373053,241.9468469619751
2022-09-12,20.450000762939453,19.623362,0.8266391754150391,4.042245205746482,0.8491066525847631,1.070972832477508,0.9485924184279924,3.5469678426824065,96.4530321573176,False,0.029411790892481804,0.001618355163373053,241.9468469619751
2022-09-13,20.030000686645508,19.610455,0.41954612731933594,2.094588681662191,0.8491066525847631,1.070972832477508,0.9485924184279924,3.5469678426824065,96.4530321573176,False,0.029411790892481804,0.001618355163373053,241.9468469619751
2022-09-14,20.075000762939453,19.62492,0.45008087158203125,2.2419967844431046,0.8491066525847631,1.070972832477508,0.9485924184279924,3.5469678426824065,96.4530321573176,False,0.029411790892481804,0.001618355163373053,241.9468469619751
2022-09-15,20.165000915527344,19.63957,0.5254306793212891,2.6056566102940257,0.8491066525847631,1.070972832477508,0.9485924184279924,3.5469678426824065,96.4530321573176,False,0.029411790892481804,0.001618355163373053,241.9468469619751
2022-09-16,19.81999969482422,19.679115,0.1408843994140625,0.7108193823577755,0.8491066525847631,1.070972832477508,0.9485924184279924,3.5469678426824065,96.4530321573176,False,0.029411790892481804,0.001618355163373053,241.9468469619751
2022-09-19,19.5049991607666,19.588652,0.08365249633789062,0.42887721064943046,0.8491066525847631,1.070972832477508,0.9485924184279924,3.5469678426824065,96.4530321573176,False,0.029411790892481804,0.001618355163373053,241.9468469619751
2022-09-20,20.14999961853028,19.385254,0.7647457122802805,3.7952641526454793,0.8491066525847631,1.070972832477508,0.9485924184279924,3.5469678426824065,96.4530321573176,False,0.029411790892481804,0.001618355163373053,241.9468469619751
2022-09-21,20.48500061035156,19.394873,1.0901279449462855,5.321590981039161,0.8491066525847631,1.070972832477508,0.9485924184279924,3.5469678426824065,96.4530321573176,False,0.029411790892481804,0.001618355163373053,241.9468469619751
2022-09-22,20.375,19.63172,0.7432804107666016,3.6480020160324007,0.8491066525847631,1.070972832477508,0.9485924184279924,3.5469678426824065,96.4530321573176,False,0.029411790892481804,0.001618355163373053,241.9468469619751
2022-09-23,20.39999961853028,19.829641,0.5703582763671946,2.795873956042192,0.8491066525847631,1.070972832477508,0.9485924184279924,3.5469678426824065,96.4530321573176,False,0.029411790892481804,0.001618355163373053,241.9468469619751
2022-09-26,20.14999961853028,19.936638,0.2133617401123118,1.0588672166330997,0.8491066525847631,1.070972832477508,0.9485924184279924,3.5469678426824065,96.4530321573176,False,0.029411790892481804,0.001618355163373053,241.9468469619751
2022-09-27,19.3700008392334,19.89493,0.5249290466308594,2.710010448567613,0.8491066525847631,1.070972832477508,0.9485924184279924,3.5469678426824065,96.4530321573176,False,0.029411790892481804,0.001618355163373053,241.9468469619751
2022-09-28,19.225000381469727,19.561646,0.33664512634277344,1.751079946231124,0.8491066525847631,1.070972832477508,0.9485924184279924,3.5469678426824065,96.4530321573176,False,0.029411790892481804,0.001618355163373053,241.9468469619751
2022-09-29,19.049999237060547,19.161495,0.1114959716796875,0.5852807146720471,0.8491066525847631,1.070972832477508,0.9485924184279924,3.5469678426824065,96.4530321573176,False,0.029411790892481804,0.001618355163373053,241.9468469619751
2022-09-30,19.1299991607666,18.85747,0.27252960205078125,1.4246189963756386,0.8491066525847631,1.070972832477508,0.9485924184279924,3.5469678426824065,96.4530321573176,False,0.029411790892481804,0.001618355163373053,241.9468469619751
2022-10-03,20.52499961853028,18.727211,1.7977886199951243,8.7590190178228,0.8491066525847631,1.070972832477508,0.9485924184279924,3.5469678426824065,96.4530321573176,False,0.029411790892481804,0.001618355163373053,241.9468469619751
2022-10-04,21.01000022888184,19.126701,1.8832988739013707,8.963821291693534,0.8491066525847631,1.070972832477508,0.9485924184279924,3.5469678426824065,96.4530321573176,False,0.029411790892481804,0.001618355163373053,241.9468469619751
2022-10-05,19.6299991607666,19.795101,0.1651020050048828,0.841069852590025,0.8491066525847631,1.070972832477508,0.9485924184279924,3.5469678426824065,96.4530321573176,False,0.029411790892481804,0.001618355163373053,241.9468469619751
2022-10-06,20.100000381469727,19.905325,0.19467544555664062,0.9685345366267392,0.8491066525847631,1.070972832477508,0.9485924184279924,3.5469678426824065,96.4530321573176,False,0.029411790892481804,0.001618355163373053,241.9468469619751
2022-10-07,20.280000686645508,19.798609,0.48139190673828125,2.373727270410205,0.8491066525847631,1.070972832477508,0.9485924184279924,3.5469678426824065,96.4530321573176,False,0.029411790892481804,0.001618355163373053,241.9468469619751
2022-10-10,20.53499984741211,19.745123,0.7898769378662109,3.8464910822278577,0.8491066525847631,1.070972832477508,0.9485924184279924,3.5469678426824065,96.4530321573176,False,0.029411790892481804,0.001618355163373053,241.9468469619751
2022-10-11,19.895000457763672,19.819954,0.07504653930664062,0.377213056445822,0.8491066525847631,1.070972832477508,0.9485924184279924,3.5469678426824065,96.4530321573176,False,0.029411790892481804,0.001618355163373053,241.9468469619751
2022-10-13,19.39999961853028,19.738115,0.33811569213866477,1.742864426737963,0.8491066525847631,1.070972832477508,0.9485924184279924,3.5469678426824065,96.4530321573176,False,0.029411790892481804,0.001618355163373053,241.9468469619751
2022-10-14,19.82999992370605,19.472195,0.35780525207519176,1.8043633557832166,0.8491066525847631,1.070972832477508,0.9485924184279924,3.5469678426824065,96.4530321573176,False,0.029411790892481804,0.001618355163373053,241.9468469619751
2022-10-17,19.64999961853028,19.336348,0.31365203857422586,1.596193611517665,0.8491066525847631,1.070972832477508,0.9485924184279924,3.5469678426824065,96.4530321573176,False,0.029411790892481804,0.001618355163373053,241.9468469619751
2022-10-18,19.979999542236328,19.24566,0.7343387603759766,3.675369255257667,0.8491066525847631,1.070972832477508,0.9485924184279924,3.5469678426824065,96.4530321573176,False,0.029411790892481804,0.001618355163373053,241.9468469619751
2022-10-19,20.684999465942383,19.322718,1.3622817993164062,6.585844014931632,0.8491066525847631,1.070972832477508,0.9485924184279924,3.5469678426824065,96.4530321573176,False,0.029411790892481804,0.001618355163373053,241.9468469619751
2022-10-20,20.950000762939453,19.656822,1.2931785583496094,6.172689791196771,0.8491066525847631,1.070972832477508,0.9485924184279924,3.5469678426824065,96.4530321573176,False,0.029411790892481804,0.001618355163373053,241.9468469619751
2022-10-21,21.709999084472656,20.07669,1.6333084106445312,7.523300228108715,0.8491066525847631,1.070972832477508,0.9485924184279924,3.5469678426824065,96.4530321573176,False,0.029411790892481804,0.001618355163373053,241.9468469619751
2022-10-24,21.809999465942383,20.580162,1.229837417602539,5.638869544783821,0.8491066525847631,1.070972832477508,0.9485924184279924,3.5469678426824065,96.4530321573176,False,0.029411790892481804,0.001618355163373053,241.9468469619751
2022-10-25,20.049999237060547,20.97969,0.9296913146972656,4.636864588896434,0.8491066525847631,1.070972832477508,0.9485924184279924,3.5469678426824065,96.4530321573176,False,0.029411790892481804,0.001618355163373053,241.9468469619751
2022-10-26,19.55500030517578,20.675678,1.1206779479980469,5.730902227096504,0.8491066525847631,1.070972832477508,0.9485924184279924,3.5469678426824065,96.4530321573176,False,0.029411790892481804,0.001618355163373053,241.9468469619751
2022-10-27,19.25,19.967539,0.7175388336181641,3.7274744603540992,0.8491066525847631,1.070972832477508,0.9485924184279924,3.5469678426824065,96.4530321573176,False,0.029411790892481804,0.001618355163373053,241.9468469619751
2022-10-28,19.1200008392334,19.286734,0.1667327880859375,0.8720333722151788,0.8491066525847631,1.070972832477508,0.9485924184279924,3.5469678426824065,96.4530321573176,False,0.029411790892481804,0.001618355163373053,241.9468469619751
2022-10-31,18.32999992370605,18.850714,0.5207138061523473,2.8407736405874835,0.8491066525847631,1.070972832477508,0.9485924184279924,3.5469678426824065,96.4530321573176,False,0.029411790892481804,0.001618355163373053,241.9468469619751
2022-11-01,18.700000762939453,18.441177,0.2588233947753906,1.3840822685330532,0.8491066525847631,1.070972832477508,0.9485924184279924,3.5469678426824065,96.4530321573176,False,0.029411790892481804,0.001618355163373053,241.9468469619751
2022-11-03,19.5,18.282349,1.2176513671875,6.244365985576923,0.8491066525847631,1.070972832477508,0.9485924184279924,3.5469678426824065,96.4530321573176,False,0.029411790892481804,0.001618355163373053,241.9468469619751
2022-11-04,19.479999542236328,18.538912,0.9410877227783203,4.831045918342369,0.8491066525847631,1.070972832477508,0.9485924184279924,3.5469678426824065,96.4530321573176,False,0.029411790892481804,0.001618355163373053,241.9468469619751
2022-11-07,19.45499992370605,18.856066,0.5989341735839808,3.0785616855961813,0.8491066525847631,1.070972832477508,0.9485924184279924,3.5469678426824065,96.4530321573176,False,0.029411790892481804,0.001618355163373053,241.9468469619751
2022-11-08,18.88999938964844,19.06883,0.17883110046386363,0.9466972273268657,0.8491066525847631,1.070972832477508,0.9485924184279924,3.5469678426824065,96.4530321573176,False,0.029411790892481804,0.001618355163373053,241.9468469619751
2022-11-09,18.81999969482422,18.98647,0.16646957397460938,0.8845354764824518,0.8491066525847631,1.070972832477508,0.9485924184279924,3.5469678426824065,96.4530321573176,False,0.029411790892481804,0.001618355163373053,241.9468469619751
2022-11-10,18.5,18.774218,0.2742176055908203,1.4822573275179476,0.8491066525847631,1.070972832477508,0.9485924184279924,3.5469678426824065,96.4530321573176,False,0.029411790892481804,0.001618355163373053,241.9468469619751
2022-11-11,18.155000686645508,18.486883,0.3318824768066406,1.828049927041685,0.8491066525847631,1.070972832477508,0.9485924184279924,3.5469678426824065,96.4530321573176,False,0.029411790892481804,0.001618355163373053,241.9468469619751
2022-11-14,18.0,18.185226,0.1852264404296875,1.0290357801649306,0.8491066525847631,1.070972832477508,0.9485924184279924,3.5469678426824065,96.4530321573176,False,0.029411790892481804,0.001618355163373053,241.9468469619751
2022-11-16,17.8799991607666,17.94625,0.06625175476074219,0.37053555855928605,0.8491066525847631,1.070972832477508,0.9485924184279924,3.5469678426824065,96.4530321573176,False,0.029411790892481804,0.001618355163373053,241.9468469619751
2022-11-17,17.510000228881836,17.774357,0.2643566131591797,1.5097464860288077,0.8491066525847631,1.070972832477508,0.9485924184279924,3.5469678426824065,96.4530321573176,False,0.029411790892481804,0.001618355163373053,241.9468469619751
2022-11-18,17.28499984741211,17.583822,0.29882240295410156,1.7287960983050916,0.8491066525847631,1.070972832477508,0.9485924184279924,3.5469678426824065,96.4530321573176,False,0.029411790892481804,0.001618355163373053,241.9468469619751
2022-11-21,17.264999389648438,17.364578,0.099578857421875,0.576767222370013,0.8491066525847631,1.070972832477508,0.9485924184279924,3.5469678426824065,96.4530321573176,False,0.029411790892481804,0.001618355163373053,241.9468469619751
2022-11-22,17.295000076293945,17.211355,0.08364486694335938,0.4836361178049974,0.8491066525847631,1.070972832477508,0.9485924184279924,3.5469678426824065,96.4530321573176,False,0.029411790892481804,0.001618355163373053,241.9468469619751
2022-11-23,16.899999618530273,17.149212,0.24921226501464844,1.4746288203545028,0.8491066525847631,1.070972832477508,0.9485924184279924,3.5469678426824065,96.4530321573176,False,0.029411790892481804,0.001618355163373053,241.9468469619751
2022-11-24,17.295000076293945,17.03111,0.2638893127441406,1.5258127295752408,0.8491066525847631,1.070972832477508,0.9485924184279924,3.5469678426824065,96.4530321573176,False,0.029411790892481804,0.001618355163373053,241.9468469619751
2022-11-25,17.55500030517578,17.032476,0.5225238800048828,2.9764959892984217,0.8491066525847631,1.070972832477508,0.9485924184279924,3.5469678426824065,96.4530321573176,False,0.029411790892481804,0.001618355163373053,241.9468469619751
2022-11-28,17.19499969482422,17.180117,0.014883041381835938,0.08655447307926274,0.8491066525847631,1.070972832477508,0.9485924184279924,3.5469678426824065,96.4530321573176,False,0.029411790892481804,0.001618355163373053,241.9468469619751
2022-11-29,17.5,17.228428,0.2715721130371094,1.5518406459263394,0.8491066525847631,1.070972832477508,0.9485924184279924,3.5469678426824065,96.4530321573176,False,0.029411790892481804,0.001618355163373053,241.9468469619751
2022-11-30,17.709999084472656,17.28526,0.4247398376464844,2.3983052490323247,0.8491066525847631,1.070972832477508,0.9485924184279924,3.5469678426824065,96.4530321573176,False,0.029411790892481804,0.001618355163373053,241.9468469619751
2022-12-01,17.559999465942383,17.40547,0.15452957153320312,0.880008976269693,0.8491066525847631,1.070972832477508,0.9485924184279924,3.5469678426824065,96.4530321573176,False,0.029411790892481804,0.001618355163373053,241.9468469619751
2022-12-02,17.764999389648438,17.471579,0.29342079162597656,1.6516791539939548,0.8491066525847631,1.070972832477508,0.9485924184279924,3.5469678426824065,96.4530321573176,False,0.029411790892481804,0.001618355163373053,241.9468469619751
2022-12-05,17.975000381469727,17.530678,0.4443225860595703,2.4718919423090453,0.8491066525847631,1.070972832477508,0.9485924184279924,3.5469678426824065,96.4530321573176,False,0.029411790892481804,0.001618355163373053,241.9468469619751
2022-12-06,17.69499969482422,17.650213,0.04478645324707031,0.2531023114974697,0.8491066525847631,1.070972832477508,0.9485924184279924,3.5469678426824065,96.4530321573176,False,0.029411790892481804,0.001618355163373053,241.9468469619751
2022-12-07,17.799999237060547,17.67543,0.12456893920898438,0.6998255311698284,0.8491066525847631,1.070972832477508,0.9485924184279924,3.5469678426824065,96.4530321573176,False,0.029411790892481804,0.001618355163373053,241.9468469619751
2022-12-08,17.739999771118164,17.655964,0.08403587341308594,0.47370842444937133,0.8491066525847631,1.070972832477508,0.9485924184279924,3.5469678426824065,96.4530321573176,False,0.029411790892481804,0.001618355163373053,241.9468469619751
2022-12-09,17.545000076293945,17.627075,0.08207511901855469,0.4677977695164053,0.8491066525847631,1.070972832477508,0.9485924184279924,3.5469678426824065,96.4530321573176,False,0.029411790892481804,0.001618355163373053,241.9468469619751
2022-12-12,17.450000762939453,17.546576,0.09657478332519531,0.5534371295289691,0.8491066525847631,1.070972832477508,0.9485924184279924,3.5469678426824065,96.4530321573176,False,0.029411790892481804,0.001618355163373053,241.9468469619751
2022-12-13,16.905000686645508,17.432898,0.5278968811035156,3.122726173685044,0.8491066525847631,1.070972832477508,0.9485924184279924,3.5469678426824065,96.4530321573176,False,0.029411790892481804,0.001618355163373053,241.9468469619751
2022-12-14,15.75,17.194132,1.444131851196289,9.169091118706598,0.8491066525847631,1.070972832477508,0.9485924184279924,3.5469678426824065,96.4530321573176,False,0.029411790892481804,0.001618355163373053,241.9468469619751
2022-12-15,15.359999656677246,16.638218,1.2782182693481445,8.321733710407225,0.8491066525847631,1.070972832477508,0.9485924184279924,3.5469678426824065,96.4530321573176,False,0.029411790892481804,0.001618355163373053,241.9468469619751
2022-12-16,16.0,15.995127,0.0048732757568359375,0.03045797348022461,0.8491066525847631,1.070972832477508,0.9485924184279924,3.5469678426824065,96.4530321573176,False,0.029411790892481804,0.001618355163373053,241.9468469619751
2022-12-19,16.354999542236328,15.7487,0.6062994003295898,3.7071196410849083,0.8491066525847631,1.070972832477508,0.9485924184279924,3.5469678426824065,96.4530321573176,False,0.029411790892481804,0.001618355163373053,241.9468469619751
2022-12-20,16.469999313354492,15.897238,0.5727615356445312,3.477605097288102,0.8491066525847631,1.070972832477508,0.9485924184279924,3.5469678426824065,96.4530321573176,False,0.029411790892481804,0.001618355163373053,241.9468469619751
2022-12-21,17.049999237060547,16.188217,0.8617820739746094,5.054440542738595,0.8491066525847631,1.070972832477508,0.9485924184279924,3.5469678426824065,96.4530321573176,False,0.029411790892481804,0.001618355163373053,241.9468469619751
2022-12-22,17.15999984741211,16.591656,0.5683441162109375,3.3120286786986726,0.8491066525847631,1.070972832477508,0.9485924184279924,3.5469678426824065,96.4530321573176,False,0.029411790892481804,0.001618355163373053,241.9468469619751
2022-12-23,17.264999389648438,16.933275,0.3317241668701172,1.9213679617562498,0.8491066525847631,1.070972832477508,0.9485924184279924,3.5469678426824065,96.4530321573176,False,0.029411790892481804,0.001618355163373053,241.9468469619751
2022-12-26,17.78499984741211,17.132889,0.6521110534667969,3.666635136697431,0.8491066525847631,1.070972832477508,0.9485924184279924,3.5469678426824065,96.4530321573176,False,0.029411790892481804,0.001618355163373053,241.9468469619751
2022-12-27,17.725000381469727,17.361122,0.3638782501220703,2.0529096885237874,0.8491066525847631,1.070972832477508,0.9485924184279924,3.5469678426824065,96.4530321573176,False,0.029411790892481804,0.001618355163373053,241.9468469619751
2022-12-28,17.049999237060547,17.539122,0.4891223907470703,2.868753153278123,0.8491066525847631,1.070972832477508,0.9485924184279924,3.5469678426824065,96.4530321573176,False,0.029411790892481804,0.001618355163373053,241.9468469619751
2022-12-29,17.415000915527344,17.421612,0.006610870361328125,0.03796078101514094,0.8491066525847631,1.070972832477508,0.9485924184279924,3.5469678426824065,96.4530321573176,False,0.029411790892481804,0.001618355163373053,241.9468469619751
2023-01-02,17.110000610351562,17.300875,0.1908740997314453,1.1155703852866397,0.8491066525847631,1.070972832477508,0.9485924184279924,3.5469678426824065,96.4530321573176,False,0.029411790892481804,0.001618355163373053,241.9468469619751
2023-01-03,16.6299991607666,17.172832,0.5428333282470703,3.2641813327791356,0.8491066525847631,1.070972832477508,0.9485924184279924,3.5469678426824065,96.4530321573176,False,0.029411790892481804,0.001618355163373053,241.9468469619751
2023-01-04,16.415000915527344,16.93033,0.5153293609619141,3.139380640999244,0.8491066525847631,1.070972832477508,0.9485924184279924,3.5469678426824065,96.4530321573176,False,0.029411790892481804,0.001618355163373053,241.9468469619751
2023-01-05,16.645000457763672,16.649662,0.00466156005859375,0.028005767079564564,0.8491066525847631,1.070972832477508,0.9485924184279924,3.5469678426824065,96.4530321573176,False,0.029411790892481804,0.001618355163373053,241.9468469619751
2023-01-06,17.325000762939453,16.533344,0.791656494140625,4.569445652401277,0.8491066525847631,1.070972832477508,0.9485924184279924,3.5469678426824065,96.4530321573176,False,0.029411790892481804,0.001618355163373053,241.9468469619751
2023-01-09,17.364999771118164,16.73412,0.6308803558349609,3.633057092717355,0.8491066525847631,1.070972832477508,0.9485924184279924,3.5469678426824065,96.4530321573176,False,0.029411790892481804,0.001618355163373053,241.9468469619751
2023-01-10,17.25,17.01394,0.23605918884277344,1.3684590657552085,0.8491066525847631,1.070972832477508,0.9485924184279924,3.5469678426824065,96.4530321573176,False,0.029411790892481804,0.001618355163373053,241.9468469619751
2023-01-11,17.649999618530273,17.193901,0.4560985565185547,2.584127854822777,0.8491066525847631,1.070972832477508,0.9485924184279924,3.5469678426824065,96.4530321573176,False,0.029411790892481804,0.001618355163373053,241.9468469619751
2023-01-12,17.78499984741211,17.361252,0.4237480163574219,2.382614675248824,0.8491066525847631,1.070972832477508,0.9485924184279924,3.5469678426824065,96.4530321573176,False,0.029411790892481804,0.001618355163373053,241.9468469619751
2023-01-13,17.75,17.514965,0.23503494262695312,1.3241405218419895,0.8491066525847631,1.070972832477508,0.9485924184279924,3.5469678426824065,96.4530321573176,False,0.029411790892481804,0.001618355163373053,241.9468469619751
2023-01-16,17.829999923706055,17.59983,0.23016929626464844,1.2909102481746202,0.8491066525847631,1.070972832477508,0.9485924184279924,3.5469678426824065,96.4530321573176,False,0.029411790892481804,0.001618355163373053,241.9468469619751
2023-01-17,17.895000457763672,17.650486,0.24451446533203125,1.3663842362515821,0.8491066525847631,1.070972832477508,0.9485924184279924,3.5469678426824065,96.4530321573176,False,0.029411790892481804,0.001618355163373053,241.9468469619751
2023-01-18,19.02499961853028,17.702358,1.3226413726806712,6.952122991857636,0.8491066525847631,1.070972832477508,0.9485924184279924,3.5469678426824065,96.4530321573176,False,0.029411790892481804,0.001618355163373053,241.9468469619751
2023-01-19,19.0,18.062233,0.9377670288085938,4.935615941097861,0.8491066525847631,1.070972832477508,0.9485924184279924,3.5469678426824065,96.4530321573176,False,0.029411790892481804,0.001618355163373053,241.9468469619751
2023-01-20,19.604999542236328,18.449986,1.1550140380859375,5.8914259885475415,0.8491066525847631,1.070972832477508,0.9485924184279924,3.5469678426824065,96.4530321573176,False,0.029411790892481804,0.001618355163373053,241.9468469619751
2023-01-23,20.03499984741211,18.87416,1.1608390808105469,5.794055850519463,0.8491066525847631,1.070972832477508,0.9485924184279924,3.5469678426824065,96.4530321573176,False,0.029411790892481804,0.001618355163373053,241.9468469619751
2023-01-24,19.88500022888184,19.297686,0.5873146057128942,2.95355594142691,0.8491066525847631,1.070972832477508,0.9485924184279924,3.5469678426824065,96.4530321573176,False,0.029411790892481804,0.001618355163373053,241.9468469619751
2023-01-25,19.70499992370605,19.526302,0.17869758605956676,0.906864180418418,0.8491066525847631,1.070972832477508,0.9485924184279924,3.5469678426824065,96.4530321573176,False,0.029411790892481804,0.001618355163373053,241.9468469619751
2023-01-26,20.38999938964844,19.52479,0.865209579467777,4.24330360650734,0.8491066525847631,1.070972832477508,0.9485924184279924,3.5469678426824065,96.4530321573176,False,0.029411790892481804,0.001618355163373053,241.9468469619751
2023-01-27,20.459999084472656,19.626467,0.8335323333740234,4.073960755973842,0.8491066525847631,1.070972832477508,0.9485924184279924,3.5469678426824065,96.4530321573176,False,0.029411790892481804,0.001618355163373053,241.9468469619751
2023-01-30,20.200000762939453,19.810223,0.38977813720703125,1.9295946657692686,0.8491066525847631,1.070972832477508,0.9485924184279924,3.5469678426824065,96.4530321573176,False,0.029411790892481804,0.001618355163373053,241.9468469619751
2023-01-31,20.475000381469727,19.859661,0.6153392791748047,3.005319988817674,0.8491066525847631,1.070972832477508,0.9485924184279924,3.5469678426824065,96.4530321573176,False,0.029411790892481804,0.001618355163373053,241.9468469619751
2023-02-01,20.375,19.913662,0.4613380432128906,2.264235794909893,0.8491066525847631,1.070972832477508,0.9485924184279924,3.5469678426824065,96.4530321573176,False,0.029411790892481804,0.001618355163373053,241.9468469619751
2023-02-02,20.0049991607666,19.93617,0.06882858276367188,0.34405691402705524,0.8491066525847631,1.070972832477508,0.9485924184279924,3.5469678426824065,96.4530321573176,False,0.029411790892481804,0.001618355163373053,241.9468469619751
2023-02-03,19.825000762939453,19.813696,0.011304855346679688,0.057023227801397146,0.8491066525847631,1.070972832477508,0.9485924184279924,3.5469678426824065,96.4530321573176,False,0.029411790892481804,0.001618355163373053,241.9468469619751
2023-02-06,19.53499984741211,19.607582,0.07258224487304688,0.3715497590989855,0.8491066525847631,1.070972832477508,0.9485924184279924,3.5469678426824065,96.4530321573176,False,0.029411790892481804,0.001618355163373053,241.9468469619751
2023-02-07,19.795000076293945,19.374878,0.4201221466064453,2.1223649658358643,0.8491066525847631,1.070972832477508,0.9485924184279924,3.5469678426824065,96.4530321573176,False,0.029411790892481804,0.001618355163373053,241.9468469619751
2023-02-08,19.584999084472656,19.280073,0.30492591857910156,1.5569360879922245,0.8491066525847631,1.070972832477508,0.9485924184279924,3.5469678426824065,96.4530321573176,False,0.029411790892481804,0.001618355163373053,241.9468469619751
2023-02-09,19.96500015258789,19.224274,0.7407264709472656,3.7101250452595247,0.8491066525847631,1.070972832477508,0.9485924184279924,3.5469678426824065,96.4530321573176,False,0.029411790892481804,0.001618355163373053,241.9468469619751
2023-02-10,19.674999237060547,19.314873,0.3601264953613281,1.8303761592172298,0.8491066525847631,1.070972832477508,0.9485924184279924,3.5469678426824065,96.4530321573176,False,0.029411790892481804,0.001618355163373053,241.9468469619751
2023-02-13,20.364999771118164,19.356092,1.0089073181152344,4.954123886345809,0.8491066525847631,1.070972832477508,0.9485924184279924,3.5469678426824065,96.4530321573176,False,0.029411790892481804,0.001618355163373053,241.9468469619751
2023-02-14,21.13999938964844,19.54218,1.5978202819824254,7.558279697798029,0.8491066525847631,1.070972832477508,0.9485924184279924,3.5469678426824065,96.4530321573176,False,0.029411790892481804,0.001618355163373053,241.9468469619751
2023-02-15,20.88999938964844,19.979475,0.9105243682861364,4.35866153609045,0.8491066525847631,1.070972832477508,0.9485924184279924,3.5469678426824065,96.4530321573176,False,0.029411790892481804,0.001618355163373053,241.9468469619751
2023-02-16,20.825000762939453,20.30082,0.5241813659667969,2.5170772953806537,0.8491066525847631,1.070972832477508,0.9485924184279924,3.5469678426824065,96.4530321573176,False,0.029411790892481804,0.001618355163373053,241.9468469619751
2023-02-17,21.174999237060547,20.418192,0.7568073272705078,3.574060706202725,0.8491066525847631,1.070972832477508,0.9485924184279924,3.5469678426824065,96.4530321573176,False,0.029411790892481804,0.001618355163373053,241.9468469619751
2023-02-22,21.39999961853028,20.501207,0.8987922668457102,4.199963938632247,0.8491066525847631,1.070972832477508,0.9485924184279924,3.5469678426824065,96.4530321573176,False,0.029411790892481804,0.001618355163373053,241.9468469619751
2023-02-23,20.950000762939453,20.63652,0.3134803771972656,1.4963263283112254,0.8491066525847631,1.070972832477508,0.9485924184279924,3.5469678426824065,96.4530321573176,False,0.029411790892481804,0.001618355163373053,241.9468469619751
2023-02-24,20.68000030517578,20.603418,0.07658195495605469,0.3703189256573067,0.8491066525847631,1.070972832477508,0.9485924184279924,3.5469678426824065,96.4530321573176,False,0.029411790892481804,0.001618355163373053,241.9468469619751
2023-02-27,20.2450008392334,20.428482,0.18348121643066406,0.9063038223001221,0.8491066525847631,1.070972832477508,0.9485924184279924,3.5469678426824065,96.4530321573176,False,0.029411790892481804,0.001618355163373053,241.9468469619751
2023-02-28,20.06999969482422,20.134512,0.06451225280761719,0.3214362420954796,0.8491066525847631,1.070972832477508,0.9485924184279924,3.5469678426824065,96.4530321573176,False,0.029411790892481804,0.001618355163373053,241.9468469619751
2023-03-01,20.14999961853028,19.824287,0.3257122039794993,1.6164377674725554,0.8491066525847631,1.070972832477508,0.9485924184279924,3.5469678426824065,96.4530321573176,False,0.029411790892481804,0.001618355163373053,241.9468469619751
2023-03-02,19.5,19.650116,0.150115966796875,0.7698254707532051,0.8491066525847631,1.070972832477508,0.9485924184279924,3.5469678426824065,96.4530321573176,False,0.029411790892481804,0.001618355163373053,241.9468469619751
2023-03-03,18.850000381469727,19.420902,0.5709018707275391,3.028657077846839,0.8491066525847631,1.070972832477508,0.9485924184279924,3.5469678426824065,96.4530321573176,False,0.029411790892481804,0.001618355163373053,241.9468469619751
2023-03-06,18.934999465942383,19.034956,0.09995651245117188,0.5278928717740901,0.8491066525847631,1.070972832477508,0.9485924184279924,3.5469678426824065,96.4530321573176,False,0.029411790892481804,0.001618355163373053,241.9468469619751
2023-03-07,19.5,18.721916,0.7780838012695312,3.99017333984375,0.8491066525847631,1.070972832477508,0.9485924184279924,3.5469678426824065,96.4530321573176,False,0.029411790892481804,0.001618355163373053,241.9468469619751
2023-03-08,19.850000381469727,18.739758,1.1102428436279297,5.593162832703812,0.8491066525847631,1.070972832477508,0.9485924184279924,3.5469678426824065,96.4530321573176,False,0.029411790892481804,0.001618355163373053,241.9468469619751
2023-03-09,19.96500015258789,19.009727,0.9552726745605469,4.784736625392528,0.8491066525847631,1.070972832477508,0.9485924184279924,3.5469678426824065,96.4530321573176,False,0.029411790892481804,0.001618355163373053,241.9468469619751
2023-03-10,19.5,19.320837,0.17916297912597656,0.9187845083383414,0.8491066525847631,1.070972832477508,0.9485924184279924,3.5469678426824065,96.4530321573176,False,0.029411790892481804,0.001618355163373053,241.9468469619751
2023-03-13,19.065000534057617,19.393333,0.32833290100097656,1.7221761961896849,0.8491066525847631,1.070972832477508,0.9485924184279924,3.5469678426824065,96.4530321573176,False,0.029411790892481804,0.001618355163373053,241.9468469619751
2023-03-14,18.959999084472656,19.175821,0.2158222198486328,1.1383029022684974,0.8491066525847631,1.070972832477508,0.9485924184279924,3.5469678426824065,96.4530321573176,False,0.029411790892481804,0.001618355163373053,241.9468469619751
2023-03-15,18.420000076293945,18.875893,0.45589256286621094,2.4749867588379257,0.8491066525847631,1.070972832477508,0.9485924184279924,3.5469678426824065,96.4530321573176,False,0.029411790892481804,0.001618355163373053,241.9468469619751
2023-03-16,18.834999084472656,18.513021,0.3219776153564453,1.7094644598198028,0.8491066525847631,1.070972832477508,0.9485924184279924,3.5469678426824065,96.4530321573176,False,0.029411790892481804,0.001618355163373053,241.9468469619751
2023-03-17,18.799999237060547,18.373634,0.4263648986816406,2.267898489278367,0.8491066525847631,1.070972832477508,0.9485924184279924,3.5469678426824065,96.4530321573176,False,0.029411790892481804,0.001618355163373053,241.9468469619751
2023-03-20,18.655000686645508,18.391668,0.2633323669433594,1.4115913012636352,0.8491066525847631,1.070972832477508,0.9485924184279924,3.5469678426824065,96.4530321573176,False,0.029411790892481804,0.001618355163373053,241.9468469619751
2023-03-21,18.655000686645508,18.416496,0.23850440979003906,1.278501211531857,0.8491066525847631,1.070972832477508,0.9485924184279924,3.5469678426824065,96.4530321573176,False,0.029411790892481804,0.001618355163373053,241.9468469619751
2023-03-22,18.770000457763672,18.413507,0.3564929962158203,1.8992700454003835,0.8491066525847631,1.070972832477508,0.9485924184279924,3.5469678426824065,96.4530321573176,False,0.029411790892481804,0.001618355163373053,241.9468469619751
2023-03-23,18.86000061035156,18.433304,0.42669677734374645,2.262443072825503,0.8491066525847631,1.070972832477508,0.9485924184279924,3.5469678426824065,96.4530321573176,False,0.029411790892481804,0.001618355163373053,241.9468469619751
2023-03-24,18.665000915527344,18.491835,0.17316627502441406,0.9277592634906205,0.8491066525847631,1.070972832477508,0.9485924184279924,3.5469678426824065,96.4530321573176,False,0.029411790892481804,0.001618355163373053,241.9468469619751
2023-03-27,18.989999771118164,18.478703,0.5112972259521484,2.6924551454170045,0.8491066525847631,1.070972832477508,0.9485924184279924,3.5469678426824065,96.4530321573176,False,0.029411790892481804,0.001618355163373053,241.9468469619751
2023-03-28,18.80500030517578,18.542746,0.2622547149658203,1.3946009609669554,0.8491066525847631,1.070972832477508,0.9485924184279924,3.5469678426824065,96.4530321573176,False,0.029411790892481804,0.001618355163373053,241.9468469619751
2023-03-29,19.020000457763672,18.569567,0.45043373107910156,2.3682109371098434,0.8491066525847631,1.070972832477508,0.9485924184279924,3.5469678426824065,96.4530321573176,False,0.029411790892481804,0.001618355163373053,241.9468469619751
2023-03-30,19.475000381469727,18.620735,0.8542652130126953,4.386470840973746,0.8491066525847631,1.070972832477508,0.9485924184279924,3.5469678426824065,96.4530321573176,False,0.029411790892481804,0.001618355163373053,241.9468469619751
2023-03-31,19.57999992370605,18.808708,0.7712917327880824,3.9391814902627145,0.8491066525847631,1.070972832477508,0.9485924184279924,3.5469678426824065,96.4530321573176,False,0.029411790892481804,0.001618355163373053,241.9468469619751
2023-04-03,19.604999542236328,19.032885,0.5721149444580078,2.9182094252308617,0.8491066525847631,1.070972832477508,0.9485924184279924,3.5469678426824065,96.4530321573176,False,0.029411790892481804,0.001618355163373053,241.9468469619751
2023-04-04,19.450000762939453,19.191902,0.2580986022949219,1.326985049721488,0.8491066525847631,1.070972832477508,0.9485924184279924,3.5469678426824065,96.4530321573176,False,0.029411790892481804,0.001618355163373053,241.9468469619751
2023-04-05,19.674999237060547,19.210348,0.46465110778808594,2.36163215149128,0.8491066525847631,1.070972832477508,0.9485924184279924,3.5469678426824065,96.4530321573176,False,0.029411790892481804,0.001618355163373053,241.9468469619751
2023-04-06,19.6200008392334,19.234337,0.3856639862060547,1.9656675316489107,0.8491066525847631,1.070972832477508,0.9485924184279924,3.5469678426824065,96.4530321573176,False,0.029411790892481804,0.001618355163373053,241.9468469619751
2023-04-10,19.674999237060547,19.239796,0.43520355224609375,2.2119622318781516,0.8491066525847631,1.070972832477508,0.9485924184279924,3.5469678426824065,96.4530321573176,False,0.029411790892481804,0.001618355163373053,241.9468469619751
2023-04-11,19.64999961853028,19.254747,0.39525222778321023,2.0114617580474694,0.8491066525847631,1.070972832477508,0.9485924184279924,3.5469678426824065,96.4530321573176,False,0.029411790892481804,0.001618355163373053,241.9468469619751
2023-04-12,20.030000686645508,19.268822,0.7611789703369141,3.8001944295708925,0.8491066525847631,1.070972832477508,0.9485924184279924,3.5469678426824065,96.4530321573176,False,0.029411790892481804,0.001618355163373053,241.9468469619751
2023-04-13,21.31999969482422,19.383837,1.9361629486083984,9.081439851420043,0.8491066525847631,1.070972832477508,0.9485924184279924,3.5469678426824065,96.4530321573176,False,0.029411790892481804,0.001618355163373053,241.9468469619751
2023-04-14,21.309999465942383,19.894293,1.4157066345214844,6.643391224781893,0.8491066525847631,1.070972832477508,0.9485924184279924,3.5469678426824065,96.4530321573176,False,0.029411790892481804,0.001618355163373053,241.9468469619751
2023-04-17,21.684999465942383,20.415455,1.2695446014404297,5.854482973053917,0.8491066525847631,1.070972832477508,0.9485924184279924,3.5469678426824065,96.4530321573176,False,0.029411790892481804,0.001618355163373053,241.9468469619751
2023-04-18,21.77499961853028,20.840317,0.934682846069343,4.292458610533974,0.8491066525847631,1.070972832477508,0.9485924184279924,3.5469678426824065,96.4530321573176,False,0.029411790892481804,0.001618355163373053,241.9468469619751
2023-04-19,21.69499969482422,21.096878,0.5981216430664062,2.7569562179302554,0.8491066525847631,1.070972832477508,0.9485924184279924,3.5469678426824065,96.4530321573176,False,0.029411790892481804,0.001618355163373053,241.9468469619751
2023-04-20,21.489999771118164,21.168055,0.3219451904296875,1.4981163046002959,0.8491066525847631,1.070972832477508,0.9485924184279924,3.5469678426824065,96.4530321573176,False,0.029411790892481804,0.001618355163373053,241.9468469619751
2023-04-24,21.709999084472656,21.07113,0.6388683319091797,2.9427377192572464,0.8491066525847631,1.070972832477508,0.9485924184279924,3.5469678426824065,96.4530321573176,False,0.029411790892481804,0.001618355163373053,241.9468469619751
2023-04-25,21.5,21.009123,0.4908771514892578,2.2831495418105017,0.8491066525847631,1.070972832477508,0.9485924184279924,3.5469678426824065,96.4530321573176,False,0.029411790892481804,0.001618355163373053,241.9468469619751
2023-04-26,21.6299991607666,20.957867,0.6721324920654297,3.107408775514757,0.8491066525847631,1.070972832477508,0.9485924184279924,3.5469678426824065,96.4530321573176,False,0.029411790892481804,0.001618355163373053,241.9468469619751
2023-04-27,21.334999084472656,20.939875,0.3951244354248047,1.852001182940623,0.8491066525847631,1.070972832477508,0.9485924184279924,3.5469678426824065,96.4530321573176,False,0.029411790892481804,0.001618355163373053,241.9468469619751
2023-04-28,21.5049991607666,20.869656,0.6353435516357422,2.9543993323880406,0.8491066525847631,1.070972832477508,0.9485924184279924,3.5469678426824065,96.4530321573176,False,0.029411790892481804,0.001618355163373053,241.9468469619751
2023-05-02,21.3799991607666,20.83859,0.5414085388183594,2.532313190226274,0.8491066525847631,1.070972832477508,0.9485924184279924,3.5469678426824065,96.4530321573176,False,0.029411790892481804,0.001618355163373053,241.9468469619751
2023-05-03,21.030000686645508,20.805916,0.22408485412597656,1.0655484869683107,0.8491066525847631,1.070972832477508,0.9485924184279924,3.5469678426824065,96.4530321573176,False,0.029411790892481804,0.001618355163373053,241.9468469619751
2023-05-04,21.0,20.672098,0.32790184020996094,1.5614373343331474,0.8491066525847631,1.070972832477508,0.9485924184279924,3.5469678426824065,96.4530321573176,False,0.029411790892481804,0.001618355163373053,241.9468469619751
2023-05-05,21.09499931335449,20.53207,0.5629291534423793,2.66854312285286,0.8491066525847631,1.070972832477508,0.9485924184279924,3.5469678426824065,96.4530321573176,False,0.029411790892481804,0.001618355163373053,241.9468469619751
2023-05-08,21.71999931335449,20.467247,1.2527523040771449,5.767736388955101,0.8491066525847631,1.070972832477508,0.9485924184279924,3.5469678426824065,96.4530321573176,False,0.029411790892481804,0.001618355163373053,241.9468469619751
2023-05-09,21.4950008392334,20.654816,0.8401851654052734,3.9087468369470324,0.8491066525847631,1.070972832477508,0.9485924184279924,3.5469678426824065,96.4530321573176,False,0.029411790892481804,0.001618355163373053,241.9468469619751
2023-05-10,21.5,20.823574,0.6764259338378906,3.1461671341297235,0.8491066525847631,1.070972832477508,0.9485924184279924,3.5469678426824065,96.4530321573176,False,0.029411790892481804,0.001618355163373053,241.9468469619751
2023-05-11,21.709999084472656,20.91013,0.7998695373535156,3.684337038621044,0.8491066525847631,1.070972832477508,0.9485924184279924,3.5469678426824065,96.4530321573176,False,0.029411790892481804,0.001618355163373053,241.9468469619751
2023-05-12,22.02499961853028,20.987661,1.0373382568359446,4.709821906027192,0.8491066525847631,1.070972832477508,0.9485924184279924,3.5469678426824065,96.4530321573176,False,0.029411790892481804,0.001618355163373053,241.9468469619751
2023-05-15,22.2450008392334,21.131384,1.113616943359375,5.00614475768099,0.8491066525847631,1.070972832477508,0.9485924184279924,3.5469678426824065,96.4530321573176,False,0.029411790892481804,0.001618355163373053,241.9468469619751
2023-05-16,22.21999931335449,21.328041,0.8919582366943324,4.014213610520927,0.8491066525847631,1.070972832477508,0.9485924184279924,3.5469678426824065,96.4530321573176,False,0.029411790892481804,0.001618355163373053,241.9468469619751
2023-05-17,21.625,21.469814,0.15518569946289062,0.7176217316203035,0.8491066525847631,1.070972832477508,0.9485924184279924,3.5469678426824065,96.4530321573176,False,0.029411790892481804,0.001618355163373053,241.9468469619751
2023-05-18,21.549999237060547,21.36562,0.18437957763671875,0.8555897177000011,0.8491066525847631,1.070972832477508,0.9485924184279924,3.5469678426824065,96.4530321573176,False,0.029411790892481804,0.001618355163373053,241.9468469619751
2023-05-19,21.670000076293945,21.140593,0.5294075012207031,2.4430433749737377,0.8491066525847631,1.070972832477508,0.9485924184279924,3.5469678426824065,96.4530321573176,False,0.029411790892481804,0.001618355163373053,241.9468469619751
2023-05-22,22.02499961853028,20.99699,1.0280094146728587,4.667466208752912,0.8491066525847631,1.070972832477508,0.9485924184279924,3.5469678426824065,96.4530321573176,False,0.029411790892481804,0.001618355163373053,241.9468469619751
2023-05-23,21.739999771118164,21.060246,0.6797542572021484,3.1267445462681636,0.8491066525847631,1.070972832477508,0.9485924184279924,3.5469678426824065,96.4530321573176,False,0.029411790892481804,0.001618355163373053,241.9468469619751
2023-05-24,22.239999771118164,21.115337,1.1246623992919922,5.056935300658267,0.8491066525847631,1.070972832477508,0.9485924184279924,3.5469678426824065,96.4530321573176,False,0.029411790892481804,0.001618355163373053,241.9468469619751
2023-05-25,22.5,21.275486,1.2245140075683594,5.442284478081597,0.8491066525847631,1.070972832477508,0.9485924184279924,3.5469678426824065,96.4530321573176,False,0.029411790892481804,0.001618355163373053,241.9468469619751
2023-05-26,22.625,21.514133,1.1108665466308594,4.9099073884236875,0.8491066525847631,1.070972832477508,0.9485924184279924,3.5469678426824065,96.4530321573176,False,0.029411790892481804,0.001618355163373053,241.9468469619751
2023-05-29,22.280000686645508,21.72519,0.5548114776611328,2.4901771120396927,0.8491066525847631,1.070972832477508,0.9485924184279924,3.5469678426824065,96.4530321573176,False,0.029411790892481804,0.001618355163373053,241.9468469619751
2023-05-30,22.39999961853028,21.748365,0.6516342163086009,2.909081372347613,0.8491066525847631,1.070972832477508,0.9485924184279924,3.5469678426824065,96.4530321573176,False,0.029411790892481804,0.001618355163373053,241.9468469619751
2023-05-31,22.3700008392334,21.708525,0.6614761352539062,2.9569785893516065,0.8491066525847631,1.070972832477508,0.9485924184279924,3.5469678426824065,96.4530321573176,False,0.029411790892481804,0.001618355163373053,241.9468469619751
2023-06-01,22.395000457763672,21.66579,0.7292098999023438,3.25612808661296,0.8491066525847631,1.070972832477508,0.9485924184279924,3.5469678426824065,96.4530321573176,False,0.029411790892481804,0.001618355163373053,241.9468469619751
2023-06-02,22.3700008392334,21.634378,0.7356224060058594,3.2884326258749867,0.8491066525847631,1.070972832477508,0.9485924184279924,3.5469678426824065,96.4530321573176,False,0.029411790892481804,0.001618355163373053,241.9468469619751
2023-06-05,22.299999237060547,21.626902,0.6730976104736328,3.018375038125591,0.8491066525847631,1.070972832477508,0.9485924184279924,3.5469678426824065,96.4530321573176,False,0.029411790892481804,0.001618355163373053,241.9468469619751
2023-06-06,22.51499938964844,21.60805,0.9069499969482457,4.028203515587158,0.8491066525847631,1.070972832477508,0.9485924184279924,3.5469678426824065,96.4530321573176,False,0.029411790892481804,0.001618355163373053,241.9468469619751
2023-06-07,22.864999771118164,21.651812,1.2131881713867188,5.305874408619731,0.8491066525847631,1.070972832477508,0.9485924184279924,3.5469678426824065,96.4530321573176,False,0.029411790892481804,0.001618355163373053,241.9468469619751
2023-06-09,22.8700008392334,21.809336,1.0606651306152344,4.637801013088148,0.8491066525847631,1.070972832477508,0.9485924184279924,3.5469678426824065,96.4530321573176,False,0.029411790892481804,0.001618355163373053,241.9468469619751
2023-06-12,24.03499984741211,21.973953,2.061046600341797,8.575188739032647,0.8491066525847631,1.070972832477508,0.9485924184279924,3.5469678426824065,96.4530321573176,False,0.029411790892481804,0.001618355163373053,241.9468469619751
2023-06-13,24.59000015258789,22.416185,2.1738147735595703,8.840238959212837,0.8491066525847631,1.070972832477508,0.9485924184279924,3.5469678426824065,96.4530321573176,False,0.029411790892481804,0.001618355163373053,241.9468469619751
2023-06-14,24.39999961853028,23.014805,1.38519477844239,5.677027869256279,0.8491066525847631,1.070972832477508,0.9485924184279924,3.5469678426824065,96.4530321573176,False,0.029411790892481804,0.001618355163373053,241.9468469619751
2023-06-15,24.450000762939453,23.398474,1.0515270233154297,4.30072388753992,0.8491066525847631,1.070972832477508,0.9485924184279924,3.5469678426824065,96.4530321573176,False,0.029411790892481804,0.001618355163373053,241.9468469619751
2023-06-16,24.920000076293945,23.541618,1.3783817291259766,5.531226825465431,0.8491066525847631,1.070972832477508,0.9485924184279924,3.5469678426824065,96.4530321573176,False,0.029411790892481804,0.001618355163373053,241.9468469619751
2023-06-19,24.78499984741211,23.6821,1.1028995513916016,4.449867089697639,0.8491066525847631,1.070972832477508,0.9485924184279924,3.5469678426824065,96.4530321573176,False,0.029411790892481804,0.001618355163373053,241.9468469619751
2023-06-20,25.145000457763672,23.755083,1.3899173736572266,5.527609259709045,0.8491066525847631,1.070972832477508,0.9485924184279924,3.5469678426824065,96.4530321573176,False,0.029411790892481804,0.001618355163373053,241.9468469619751
2023-06-21,25.100000381469727,23.863283,1.2367172241210938,4.927160180579559,0.8491066525847631,1.070972832477508,0.9485924184279924,3.5469678426824065,96.4530321573176,False,0.029411790892481804,0.001618355163373053,241.9468469619751
2023-06-22,25.81999969482422,23.968922,1.8510780334472656,7.169163653469468,0.8491066525847631,1.070972832477508,0.9485924184279924,3.5469678426824065,96.4530321573176,False,0.029411790892481804,0.001618355163373053,241.9468469619751
2023-06-23,25.55500030517578,24.236738,1.3182621002197266,5.15852899423653,0.8491066525847631,1.070972832477508,0.9485924184279924,3.5469678426824065,96.4530321573176,False,0.029411790892481804,0.001618355163373053,241.9468469619751
2023-06-26,25.3700008392334,24.406433,0.9635677337646484,3.798059526567065,0.8491066525847631,1.070972832477508,0.9485924184279924,3.5469678426824065,96.4530321573176,False,0.029411790892481804,0.001618355163373053,241.9468469619751
2023-06-27,25.584999084472656,24.400486,1.1845130920410156,4.629717156253047,0.8491066525847631,1.070972832477508,0.9485924184279924,3.5469678426824065,96.4530321573176,False,0.029411790892481804,0.001618355163373053,241.9468469619751
2023-06-28,25.05500030517578,24.391426,0.66357421875,2.648470208211975,0.8491066525847631,1.070972832477508,0.9485924184279924,3.5469678426824065,96.4530321573176,False,0.029411790892481804,0.001618355163373053,241.9468469619751
2023-06-29,24.780000686645508,24.232632,0.5473690032958984,2.2089143992271465,0.8491066525847631,1.070972832477508,0.9485924184279924,3.5469678426824065,96.4530321573176,False,0.029411790892481804,0.001618355163373053,241.9468469619751
2023-06-30,25.200000762939453,23.978657,1.221343994140625,4.846603004618962,0.8491066525847631,1.070972832477508,0.9485924184279924,3.5469678426824065,96.4530321573176,False,0.029411790892481804,0.001618355163373053,241.9468469619751
2023-07-03,24.780000686645508,23.895594,0.8844070434570312,3.5690355889847,0.8491066525847631,1.070972832477508,0.9485924184279924,3.5469678426824065,96.4530321573176,False,0.029411790892481804,0.001618355163373053,241.9468469619751
2023-07-04,25.19499969482422,23.828491,1.3665084838867188,5.42372891620808,0.8491066525847631,1.070972832477508,0.9485924184279924,3.5469678426824065,96.4530321573176,False,0.029411790892481804,0.001618355163373053,241.9468469619751
2023-07-05,25.0,23.878439,1.121561050415039,4.486244201660156,0.8491066525847631,1.070972832477508,0.9485924184279924,3.5469678426824065,96.4530321573176,False,0.029411790892481804,0.001618355163373053,241.9468469619751
2023-07-06,24.76499938964844,23.918047,0.8469524383544957,3.419957436819137,0.8491066525847631,1.070972832477508,0.9485924184279924,3.5469678426824065,96.4530321573176,False,0.029411790892481804,0.001618355163373053,241.9468469619751
2023-07-07,24.520000457763672,23.864546,0.6554546356201172,2.673142835984667,0.8491066525847631,1.070972832477508,0.9485924184279924,3.5469678426824065,96.4530321573176,False,0.029411790892481804,0.001618355163373053,241.9468469619751
2023-07-10,24.9950008392334,23.698034,1.296966552734375,5.188903817512947,0.8491066525847631,1.070972832477508,0.9485924184279924,3.5469678426824065,96.4530321573176,False,0.029411790892481804,0.001618355163373053,241.9468469619751
2023-07-11,24.5,23.686,0.8139991760253906,3.3224456164301657,0.8491066525847631,1.070972832477508,0.9485924184279924,3.5469678426824065,96.4530321573176,False,0.029411790892481804,0.001618355163373053,241.9468469619751
2023-07-12,24.46999931335449,23.631504,0.838495254516598,3.4266255743578617,0.8491066525847631,1.070972832477508,0.9485924184279924,3.5469678426824065,96.4530321573176,False,0.029411790892481804,0.001618355163373053,241.9468469619751
2023-07-13,23.93000030517578,23.530592,0.39940834045410156,1.6690695167593215,0.8491066525847631,1.070972832477508,0.9485924184279924,3.5469678426824065,96.4530321573176,False,0.029411790892481804,0.001618355163373053,241.9468469619751
2023-07-14,23.979999542236328,23.306213,0.6737861633300781,2.809783887373845,0.8491066525847631,1.070972832477508,0.9485924184279924,3.5469678426824065,96.4530321573176,False,0.029411790892481804,0.001618355163373053,241.9468469619751
2023-07-17,23.89999961853028,23.103384,0.7966156005859446,3.3331197209237953,0.8491066525847631,1.070972832477508,0.9485924184279924,3.5469678426824065,96.4530321573176,False,0.029411790892481804,0.001618355163373053,241.9468469619751
2023-07-18,24.049999237060547,22.970268,1.0797309875488281,4.489526078175443,0.8491066525847631,1.070972832477508,0.9485924184279924,3.5469678426824065,96.4530321573176,False,0.029411790892481804,0.001618355163373053,241.9468469619751
2023-07-19,24.200000762939453,22.95668,1.2433204650878906,5.137687710291091,0.8491066525847631,1.070972832477508,0.9485924184279924,3.5469678426824065,96.4530321573176,False,0.029411790892481804,0.001618355163373053,241.9468469619751
2023-07-20,23.780000686645508,23.060406,0.7195949554443359,3.026051028873391,0.8491066525847631,1.070972832477508,0.9485924184279924,3.5469678426824065,96.4530321573176,False,0.029411790892481804,0.001618355163373053,241.9468469619751
2023-07-21,23.975000381469727,23.034363,0.9406375885009766,3.923410108589592,0.8491066525847631,1.070972832477508,0.9485924184279924,3.5469678426824065,96.4530321573176,False,0.029411790892481804,0.001618355163373053,241.9468469619751
2023-07-24,24.1200008392334,23.009315,1.1106853485107422,4.604831301266418,0.8491066525847631,1.070972832477508,0.9485924184279924,3.5469678426824065,96.4530321573176,False,0.029411790892481804,0.001618355163373053,241.9468469619751
2023-07-25,24.1299991607666,23.039755,1.0902442932128906,4.518211069752287,0.8491066525847631,1.070972832477508,0.9485924184279924,3.5469678426824065,96.4530321573176,False,0.029411790892481804,0.001618355163373053,241.9468469619751
2023-07-26,23.70499992370605,23.098671,0.6063289642333949,2.557810445833577,0.8491066525847631,1.070972832477508,0.9485924184279924,3.5469678426824065,96.4530321573176,False,0.029411790892481804,0.001618355163373053,241.9468469619751
2023-07-27,23.86000061035156,23.015182,0.8448181152343714,3.5407296463682854,0.8491066525847631,1.070972832477508,0.9485924184279924,3.5469678426824065,96.4530321573176,False,0.029411790892481804,0.001618355163373053,241.9468469619751
2023-07-28,23.565000534057617,22.937046,0.6279544830322266,2.6647760186750995,0.8491066525847631,1.070972832477508,0.9485924184279924,3.5469678426824065,96.4530321573176,False,0.029411790892481804,0.001618355163373053,241.9468469619751
2023-07-31,23.799999237060547,22.817432,0.9825668334960938,4.128432205855176,0.8491066525847631,1.070972832477508,0.9485924184279924,3.5469678426824065,96.4530321573176,False,0.029411790892481804,0.001618355163373053,241.9468469619751
2023-08-01,23.959999084472656,22.77346,1.1865386962890625,4.952165031834255,0.8491066525847631,1.070972832477508,0.9485924184279924,3.5469678426824065,96.4530321573176,False,0.029411790892481804,0.001618355163373053,241.9468469619751
2023-08-02,23.6299991607666,22.846495,0.7835044860839844,3.3157194833288606,0.8491066525847631,1.070972832477508,0.9485924184279924,3.5469678426824065,96.4530321573176,False,0.029411790892481804,0.001618355163373053,241.9468469619751
2023-08-03,23.950000762939453,22.84607,1.1039314270019531,4.609316876140527,0.8491066525847631,1.070972832477508,0.9485924184279924,3.5469678426824065,96.4530321573176,False,0.029411790892481804,0.001618355163373053,241.9468469619751
2023-08-04,23.75,22.891489,0.8585109710693359,3.614783036081414,0.8491066525847631,1.070972832477508,0.9485924184279924,3.5469678426824065,96.4530321573176,False,0.029411790892481804,0.001618355163373053,241.9468469619751
2023-08-07,23.809999465942383,22.886967,0.9230327606201172,3.87666014835664,0.8491066525847631,1.070972832477508,0.9485924184279924,3.5469678426824065,96.4530321573176,False,0.029411790892481804,0.001618355163373053,241.9468469619751
2023-08-08,23.614999771118164,22.88054,0.7344589233398438,3.110137329910579,0.8491066525847631,1.070972832477508,0.9485924184279924,3.5469678426824065,96.4530321573176,False,0.029411790892481804,0.001618355163373053,241.9468469619751
2023-08-09,23.5,22.81298,0.6870193481445312,2.923486587849069,0.8491066525847631,1.070972832477508,0.9485924184279924,3.5469678426824065,96.4530321573176,False,0.029411790892481804,0.001618355163373053,241.9468469619751
2023-08-10,23.549999237060547,22.713463,0.8365364074707031,3.5521716966947876,0.8491066525847631,1.070972832477508,0.9485924184279924,3.5469678426824065,96.4530321573176,False,0.029411790892481804,0.001618355163373053,241.9468469619751
2023-08-11,23.59000015258789,22.651508,0.9384918212890625,3.9783459737964746,0.8491066525847631,1.070972832477508,0.9485924184279924,3.5469678426824065,96.4530321573176,False,0.029411790892481804,0.001618355163373053,241.9468469619751
2023-08-14,23.84499931335449,22.635647,1.2093524932861293,5.071723749678728,0.8491066525847631,1.070972832477508,0.9485924184279924,3.5469678426824065,96.4530321573176,False,0.029411790892481804,0.001618355163373053,241.9468469619751
2023-08-15,23.56999969482422,22.732645,0.8373546600341797,3.5526290660837643,0.8491066525847631,1.070972832477508,0.9485924184279924,3.5469678426824065,96.4530321573176,False,0.029411790892481804,0.001618355163373053,241.9468469619751
2023-08-16,23.405000686645508,22.75747,0.6475315093994141,2.766637429619408,0.8491066525847631,1.070972832477508,0.9485924184279924,3.5469678426824065,96.4530321573176,False,0.029411790892481804,0.001618355163373053,241.9468469619751
2023-08-17,23.7549991607666,22.683392,1.0716075897216797,4.511082414566154,0.8491066525847631,1.070972832477508,0.9485924184279924,3.5469678426824065,96.4530321573176,False,0.029411790892481804,0.001618355163373053,241.9468469619751
2023-08-18,23.790000915527344,22.692066,1.0979347229003906,4.615110048960892,0.8491066525847631,1.070972832477508,0.9485924184279924,3.5469678426824065,96.4530321573176,False,0.029411790892481804,0.001618355163373053,241.9468469619751
2023-08-21,24.0,22.760641,1.239358901977539,5.163995424906412,0.8491066525847631,1.070972832477508,0.9485924184279924,3.5469678426824065,96.4530321573176,False,0.029411790892481804,0.001618355163373053,241.9468469619751
2023-08-22,23.600000381469727,22.889582,0.710418701171875,3.0102486851215575,0.8491066525847631,1.070972832477508,0.9485924184279924,3.5469678426824065,96.4530321573176,False,0.029411790892481804,0.001618355163373053,241.9468469619751
2023-08-23,24.05500030517578,22.880981,1.1740188598632812,4.880560569399261,0.8491066525847631,1.070972832477508,0.9485924184279924,3.5469678426824065,96.4530321573176,False,0.029411790892481804,0.001618355163373053,241.9468469619751
2023-08-24,24.049999237060547,22.940186,1.1098136901855469,4.614610084790968,0.8491066525847631,1.070972832477508,0.9485924184279924,3.5469678426824065,96.4530321573176,False,0.029411790892481804,0.001618355163373053,241.9468469619751
2023-08-25,23.80500030517578,23.017641,0.7873592376708984,3.3075371878895017,0.8491066525847631,1.070972832477508,0.9485924184279924,3.5469678426824065,96.4530321573176,False,0.029411790892481804,0.001618355163373053,241.9468469619751
2023-08-28,23.57999992370605,22.996832,0.5831680297851527,2.4731468688380582,0.8491066525847631,1.070972832477508,0.9485924184279924,3.5469678426824065,96.4530321573176,False,0.029411790892481804,0.001618355163373053,241.9468469619751
2023-08-29,24.26499938964844,22.874123,1.3908767700195348,5.732028868761848,0.8491066525847631,1.070972832477508,0.9485924184279924,3.5469678426824065,96.4530321573176,False,0.029411790892481804,0.001618355163373053,241.9468469619751
2023-08-30,24.350000381469727,22.950094,1.3999061584472656,5.749101176657844,0.8491066525847631,1.070972832477508,0.9485924184279924,3.5469678426824065,96.4530321573176,False,0.029411790892481804,0.001618355163373053,241.9468469619751
2023-08-31,23.975000381469727,23.140339,0.8346614837646484,3.4813825671917744,0.8491066525847631,1.070972832477508,0.9485924184279924,3.5469678426824065,96.4530321573176,False,0.029411790892481804,0.001618355163373053,241.9468469619751
2023-09-01,23.614999771118164,23.176529,0.43847084045410156,1.8567471721526934,0.8491066525847631,1.070972832477508,0.9485924184279924,3.5469678426824065,96.4530321573176,False,0.029411790892481804,0.001618355163373053,241.9468469619751
2023-09-04,23.75,23.023731,0.7262687683105469,3.057973761307566,0.8491066525847631,1.070972832477508,0.9485924184279924,3.5469678426824065,96.4530321573176,False,0.029411790892481804,0.001618355163373053,241.9468469619751
2023-09-05,23.674999237060547,22.876905,0.7980937957763672,3.371040428702701,0.8491066525847631,1.070972832477508,0.9485924184279924,3.5469678426824065,96.4530321573176,False,0.029411790892481804,0.001618355163373053,241.9468469619751
2023-09-06,23.61000061035156,22.775196,0.8348045349121058,3.5358090357104626,0.8491066525847631,1.070972832477508,0.9485924184279924,3.5469678426824065,96.4530321573176,False,0.029411790892481804,0.001618355163373053,241.9468469619751
2023-09-08,23.424999237060547,22.706343,0.7186565399169922,3.0679042190960253,0.8491066525847631,1.070972832477508,0.9485924184279924,3.5469678426824065,96.4530321573176,False,0.029411790892481804,0.001618355163373053,241.9468469619751
2023-09-11,23.540000915527344,22.635801,0.9041996002197266,3.841119647634774,0.8491066525847631,1.070972832477508,0.9485924184279924,3.5469678426824065,96.4530321573176,False,0.029411790892481804,0.001618355163373053,241.9468469619751
2023-09-12,23.59499931335449,22.610905,0.984094619750973,4.170776216950289,0.8491066525847631,1.070972832477508,0.9485924184279924,3.5469678426824065,96.4530321573176,False,0.029411790892481804,0.001618355163373053,241.9468469619751
2023-09-13,23.674999237060547,22.629078,1.0459213256835938,4.417830451484542,0.8491066525847631,1.070972832477508,0.9485924184279924,3.5469678426824065,96.4530321573176,False,0.029411790892481804,0.001618355163373053,241.9468469619751
2023-09-14,23.7450008392334,22.68066,1.064340591430664,4.4823775692274355,0.8491066525847631,1.070972832477508,0.9485924184279924,3.5469678426824065,96.4530321573176,False,0.029411790892481804,0.001618355163373053,241.9468469619751
2023-09-15,23.709999084472656,22.756165,0.9538345336914062,4.0229210059989375,0.8491066525847631,1.070972832477508,0.9485924184279924,3.5469678426824065,96.4530321573176,False,0.029411790892481804,0.001618355163373053,241.9468469619751
2023-09-18,23.81999969482422,22.800156,1.0198440551757812,4.281461243668195,0.8491066525847631,1.070972832477508,0.9485924184279924,3.5469678426824065,96.4530321573176,False,0.029411790892481804,0.001618355163373053,241.9468469619751
2023-09-19,23.674999237060547,22.84437,0.8306293487548828,3.5084662112876694,0.8491066525847631,1.070972832477508,0.9485924184279924,3.5469678426824065,96.4530321573176,False,0.029411790892481804,0.001618355163373053,241.9468469619751
2023-09-20,23.65999984741211,22.830906,0.8290939331054688,3.504200923298627,0.8491066525847631,1.070972832477508,0.9485924184279924,3.5469678426824065,96.4530321573176,False,0.029411790892481804,0.001618355163373053,241.9468469619751
2023-09-21,23.65999984741211,22.792635,0.8673648834228516,3.6659547295716592,0.8491066525847631,1.070972832477508,0.9485924184279924,3.5469678426824065,96.4530321573176,False,0.029411790892481804,0.001618355163373053,241.9468469619751
2023-09-22,23.3799991607666,22.75932,0.6206798553466797,2.6547471241497185,0.8491066525847631,1.070972832477508,0.9485924184279924,3.5469678426824065,96.4530321573176,False,0.029411790892481804,0.001618355163373053,241.9468469619751
2023-09-25,23.309999465942383,22.659784,0.6502151489257812,2.7894258422261795,0.8491066525847631,1.070972832477508,0.9485924184279924,3.5469678426824065,96.4530321573176,False,0.029411790892481804,0.001618355163373053,241.9468469619751
2023-09-26,23.01499938964844,22.539206,0.4757938385009801,2.067320665300474,0.8491066525847631,1.070972832477508,0.9485924184279924,3.5469678426824065,96.4530321573176,False,0.029411790892481804,0.001618355163373053,241.9468469619751
2023-09-27,23.075000762939453,22.36762,0.7073802947998047,3.065569973613703,0.8491066525847631,1.070972832477508,0.9485924184279924,3.5469678426824065,96.4530321573176,False,0.029411790892481804,0.001618355163373053,241.9468469619751
2023-09-28,23.145000457763672,22.251245,0.8937549591064453,3.8615465173026062,0.8491066525847631,1.070972832477508,0.9485924184279924,3.5469678426824065,96.4530321573176,False,0.029411790892481804,0.001618355163373053,241.9468469619751
2023-09-29,23.920000076293945,22.224167,1.6958332061767578,7.089603682139714,0.8491066525847631,1.070972832477508,0.9485924184279924,3.5469678426824065,96.4530321573176,False,0.029411790892481804,0.001618355163373053,241.9468469619751
2023-10-02,23.584999084472656,22.478245,1.1067543029785156,4.692619656310077,0.8491066525847631,1.070972832477508,0.9485924184279924,3.5469678426824065,96.4530321573176,False,0.029411790892481804,0.001618355163373053,241.9468469619751
2023-10-03,23.540000915527344,22.680548,0.8594532012939453,3.65103299858853,0.8491066525847631,1.070972832477508,0.9485924184279924,3.5469678426824065,96.4530321573176,False,0.029411790892481804,0.001618355163373053,241.9468469619751
2023-10-04,23.299999237060547,22.739908,0.5600910186767578,2.403824193203781,0.8491066525847631,1.070972832477508,0.9485924184279924,3.5469678426824065,96.4530321573176,False,0.029411790892481804,0.001618355163373053,241.9468469619751
2023-10-05,23.38999938964844,22.649109,0.740890502929691,3.1675524679901534,0.8491066525847631,1.070972832477508,0.9485924184279924,3.5469678426824065,96.4530321573176,False,0.029411790892481804,0.001618355163373053,241.9468469619751
2023-10-06,23.46999931335449,22.547674,0.9223251342773402,3.9298046922077874,0.8491066525847631,1.070972832477508,0.9485924184279924,3.5469678426824065,96.4530321573176,False,0.029411790892481804,0.001618355163373053,241.9468469619751
2023-10-09,24.270000457763672,22.517727,1.7522735595703125,7.219915642851922,0.8491066525847631,1.070972832477508,0.9485924184279924,3.5469678426824065,96.4530321573176,False,0.029411790892481804,0.001618355163373053,241.9468469619751
2023-10-10,24.325000762939453,22.768827,1.556173324584961,6.397423538649508,0.8491066525847631,1.070972832477508,0.9485924184279924,3.5469678426824065,96.4530321573176,False,0.029411790892481804,0.001618355163373053,241.9468469619751
2023-10-11,24.26000022888184,23.10049,1.1595096588134801,4.779512151170836,0.8491066525847631,1.070972832477508,0.9485924184279924,3.5469678426824065,96.4530321573176,False,0.029411790892481804,0.001618355163373053,241.9468469619751
2023-10-13,24.545000076293945,23.29144,1.253561019897461,5.10719501324498,0.8491066525847631,1.070972832477508,0.9485924184279924,3.5469678426824065,96.4530321573176,False,0.029411790892481804,0.001618355163373053,241.9468469619751
2023-10-16,24.68000030517578,23.433542,1.2464580535888672,5.050478274619249,0.8491066525847631,1.070972832477508,0.9485924184279924,3.5469678426824065,96.4530321573176,False,0.029411790892481804,0.001618355163373053,241.9468469619751
2023-10-17,24.799999237060547,23.551615,1.2483844757080078,5.033808524648867,0.8491066525847631,1.070972832477508,0.9485924184279924,3.5469678426824065,96.4530321573176,False,0.029411790892481804,0.001618355163373053,241.9468469619751
2023-10-18,24.530000686645508,23.659187,0.8708133697509766,3.5499932546885744,0.8491066525847631,1.070972832477508,0.9485924184279924,3.5469678426824065,96.4530321573176,False,0.029411790892481804,0.001618355163373053,241.9468469619751
2023-10-19,24.559999465942383,23.643524,0.9164752960205078,3.731577019337456,0.8491066525847631,1.070972832477508,0.9485924184279924,3.5469678426824065,96.4530321573176,False,0.029411790892481804,0.001618355163373053,241.9468469619751
2023-10-20,24.684999465942383,23.59519,1.0898094177246094,4.414865065029502,0.8491066525847631,1.070972832477508,0.9485924184279924,3.5469678426824065,96.4530321573176,False,0.029411790892481804,0.001618355163373053,241.9468469619751
2023-10-23,24.63999938964844,23.584324,1.0556755065918004,4.284397454308795,0.8491066525847631,1.070972832477508,0.9485924184279924,3.5469678426824065,96.4530321573176,False,0.029411790892481804,0.001618355163373053,241.9468469619751
2023-10-24,24.75,23.583977,1.1660232543945312,4.711205068260732,0.8491066525847631,1.070972832477508,0.9485924184279924,3.5469678426824065,96.4530321573176,False,0.029411790892481804,0.001618355163373053,241.9468469619751
2023-10-25,24.540000915527344,23.623299,0.9167022705078125,3.735542935239998,0.8491066525847631,1.070972832477508,0.9485924184279924,3.5469678426824065,96.4530321573176,False,0.029411790892481804,0.001618355163373053,241.9468469619751
2023-10-26,24.56999969482422,23.6044,0.9655990600585938,3.929992153243704,0.8491066525847631,1.070972832477508,0.9485924184279924,3.5469678426824065,96.4530321573176,False,0.029411790892481804,0.001618355163373053,241.9468469619751
2023-10-27,24.950000762939453,23.568968,1.381032943725586,5.535202010001386,0.8491066525847631,1.070972832477508,0.9485924184279924,3.5469678426824065,96.4530321573176,False,0.029411790892481804,0.001618355163373053,241.9468469619751
2023-10-30,24.5,23.64945,0.8505496978759766,3.471631419901945,0.8491066525847631,1.070972832477508,0.9485924184279924,3.5469678426824065,96.4530321573176,False,0.029411790892481804,0.001618355163373053,241.9468469619751
2023-10-31,24.239999771118164,23.633684,0.6063156127929688,2.5013020565923876,0.8491066525847631,1.070972832477508,0.9485924184279924,3.5469678426824065,96.4530321573176,False,0.029411790892481804,0.001618355163373053,241.9468469619751
2023-11-01,24.18000030517578,23.485893,0.6941070556640625,2.870583320528277,0.8491066525847631,1.070972832477508,0.9485924184279924,3.5469678426824065,96.4530321573176,False,0.029411790892481804,0.001618355163373053,241.9468469619751
2023-11-03,24.475000381469727,23.313782,1.1612186431884766,4.744509193420267,0.8491066525847631,1.070972832477508,0.9485924184279924,3.5469678426824065,96.4530321573176,False,0.029411790892481804,0.001618355163373053,241.9468469619751
2023-11-06,25.145000457763672,23.29202,1.8529796600341797,7.369177276996473,0.8491066525847631,1.070972832477508,0.9485924184279924,3.5469678426824065,96.4530321573176,False,0.029411790892481804,0.001618355163373053,241.9468469619751
2023-11-07,25.225000381469727,23.546408,1.6785926818847656,6.654480303270319,0.8491066525847631,1.070972832477508,0.9485924184279924,3.5469678426824065,96.4530321573176,False,0.029411790892481804,0.001618355163373053,241.9468469619751
2023-11-08,25.540000915527344,23.86508,1.6749210357666016,6.558030445285981,0.8491066525847631,1.070972832477508,0.9485924184279924,3.5469678426824065,96.4530321573176,False,0.029411790892481804,0.001618355163373053,241.9468469619751
2023-11-09,25.5,24.180471,1.319528579711914,5.174621881223192,0.8491066525847631,1.070972832477508,0.9485924184279924,3.5469678426824065,96.4530321573176,False,0.029411790892481804,0.001618355163373053,241.9468469619751
2023-11-10,24.88500022888184,24.356396,0.5286045074462926,2.124189281030376,0.8491066525847631,1.070972832477508,0.9485924184279924,3.5469678426824065,96.4530321573176,False,0.029411790892481804,0.001618355163373053,241.9468469619751
2023-11-13,25.049999237060547,24.223286,0.8267135620117188,3.3002538410804685,0.8491066525847631,1.070972832477508,0.9485924184279924,3.5469678426824065,96.4530321573176,False,0.029411790892481804,0.001618355163373053,241.9468469619751
2023-11-14,25.09000015258789,24.042364,1.0476360321044922,4.175512258800981,0.8491066525847631,1.070972832477508,0.9485924184279924,3.5469678426824065,96.4530321573176,False,0.029411790892481804,0.001618355163373053,241.9468469619751
2023-11-16,25.14999961853028,23.94617,1.203828811645515,4.78659574514882,0.8491066525847631,1.070972832477508,0.9485924184279924,3.5469678426824065,96.4530321573176,False,0.029411790892481804,0.001618355163373053,241.9468469619751
2023-11-17,25.13999938964844,23.951406,1.1885929107666051,4.727895543450235,0.8491066525847631,1.070972832477508,0.9485924184279924,3.5469678426824065,96.4530321573176,False,0.029411790892481804,0.001618355163373053,241.9468469619751
2023-11-20,25.46999931335449,23.984825,1.4851741790771449,5.831072709524711,0.8491066525847631,1.070972832477508,0.9485924184279924,3.5469678426824065,96.4530321573176,False,0.029411790892481804,0.001618355163373053,241.9468469619751
2023-11-21,25.46500015258789,24.117847,1.3471527099609375,5.290212848571425,0.8491066525847631,1.070972832477508,0.9485924184279924,3.5469678426824065,96.4530321573176,False,0.029411790892481804,0.001618355163373053,241.9468469619751
2023-11-22,25.299999237060547,24.247356,1.052642822265625,4.160643691734455,0.8491066525847631,1.070972832477508,0.9485924184279924,3.5469678426824065,96.4530321573176,False,0.029411790892481804,0.001618355163373053,241.9468469619751
2023-11-23,25.39999961853028,24.260443,1.139556884765632,4.486444495590785,0.8491066525847631,1.070972832477508,0.9485924184279924,3.5469678426824065,96.4530321573176,False,0.029411790892481804,0.001618355163373053,241.9468469619751
2023-11-24,25.53499984741211,24.254723,1.2802772521972656,5.01381343194728,0.8491066525847631,1.070972832477508,0.9485924184279924,3.5469678426824065,96.4530321573176,False,0.029411790892481804,0.001618355163373053,241.9468469619751
2023-11-27,25.575000762939453,24.289185,1.2858161926269531,5.027629146702588,0.8491066525847631,1.070972832477508,0.9485924184279924,3.5469678426824065,96.4530321573176,False,0.029411790892481804,0.001618355163373053,241.9468469619751
2023-11-28,25.98500061035156,24.344786,1.6402149200439418,6.312160406071088,0.8491066525847631,1.070972832477508,0.9485924184279924,3.5469678426824065,96.4530321573176,False,0.029411790892481804,0.001618355163373053,241.9468469619751
2023-11-29,26.38500022888184,24.506945,1.8780555725097692,7.117891060141024,0.8491066525847631,1.070972832477508,0.9485924184279924,3.5469678426824065,96.4530321573176,False,0.029411790892481804,0.001618355163373053,241.9468469619751
2023-11-30,26.364999771118164,24.79086,1.5741405487060547,5.970569172659219,0.8491066525847631,1.070972832477508,0.9485924184279924,3.5469678426824065,96.4530321573176,False,0.029411790892481804,0.001618355163373053,241.9468469619751
2023-12-01,27.174999237060547,25.015512,2.159486770629883,7.946593675280887,0.8491066525847631,1.070972832477508,0.9485924184279924,3.5469678426824065,96.4530321573176,False,0.029411790892481804,0.001618355163373053,241.9468469619751
2023-12-04,27.14999961853028,25.358377,1.7916221618652415,6.598976747839188,0.8491066525847631,1.070972832477508,0.9485924184279924,3.5469678426824065,96.4530321573176,False,0.029411790892481804,0.001618355163373053,241.9468469619751
2023-12-05,27.07999992370605,25.646456,1.4335441589355433,5.293737677157846,0.8491066525847631,1.070972832477508,0.9485924184279924,3.5469678426824065,96.4530321573176,False,0.029411790892481804,0.001618355163373053,241.9468469619751
2023-12-06,27.190000534057617,25.772348,1.4176521301269531,5.213873123508153,0.8491066525847631,1.070972832477508,0.9485924184279924,3.5469678426824065,96.4530321573176,False,0.029411790892481804,0.001618355163373053,241.9468469619751
2023-12-07,26.5,25.810337,0.6896629333496094,2.602501635281545,0.8491066525847631,1.070972832477508,0.9485924184279924,3.5469678426824065,96.4530321573176,False,0.029411790892481804,0.001618355163373053,241.9468469619751
2023-12-08,26.950000762939453,25.609726,1.3402748107910156,4.973190251757273,0.8491066525847631,1.070972832477508,0.9485924184279924,3.5469678426824065,96.4530321573176,False,0.029411790892481804,0.001618355163373053,241.9468469619751
2023-12-11,27.225000381469727,25.497082,1.7279186248779297,6.346808450566674,0.8491066525847631,1.070972832477508,0.9485924184279924,3.5469678426824065,96.4530321573176,False,0.029411790892481804,0.001618355163373053,241.9468469619751
2023-12-12,26.89999961853028,25.565285,1.3347148895263743,4.96176545893683,0.8491066525847631,1.070972832477508,0.9485924184279924,3.5469678426824065,96.4530321573176,False,0.029411790892481804,0.001618355163373053,241.9468469619751
2023-12-13,26.23500061035156,25.609655,0.6253452301025355,2.3836295618601686,0.8491066525847631,1.070972832477508,0.9485924184279924,3.5469678426824065,96.4530321573176,False,0.029411790892481804,0.001618355163373053,241.9468469619751
2023-12-14,26.75,25.399103,1.3508968353271484,5.050081627391209,0.8491066525847631,1.070972832477508,0.9485924184279924,3.5469678426824065,96.4530321573176,False,0.029411790892481804,0.001618355163373053,241.9468469619751
2023-12-15,26.625,25.29305,1.331949234008789,5.002626231018926,0.8491066525847631,1.070972832477508,0.9485924184279924,3.5469678426824065,96.4530321573176,False,0.029411790892481804,0.001618355163373053,241.9468469619751
2023-12-18,27.334999084472656,25.269037,2.0659618377685547,7.557936370819568,0.8491066525847631,1.070972832477508,0.9485924184279924,3.5469678426824065,96.4530321573176,False,0.029411790892481804,0.001618355163373053,241.9468469619751
2023-12-19,27.28499984741211,25.4724,1.8125991821289062,6.643207594889635,0.8491066525847631,1.070972832477508,0.9485924184279924,3.5469678426824065,96.4530321573176,False,0.029411790892481804,0.001618355163373053,241.9468469619751
2023-12-20,27.424999237060547,25.719387,1.7056121826171875,6.219187712181674,0.8491066525847631,1.070972832477508,0.9485924184279924,3.5469678426824065,96.4530321573176,False,0.029411790892481804,0.001618355163373053,241.9468469619751
2023-12-21,27.39999961853028,25.918945,1.4810543060302805,5.405307761495959,0.8491066525847631,1.070972832477508,0.9485924184279924,3.5469678426824065,96.4530321573176,False,0.029411790892481804,0.001618355163373053,241.9468469619751
2023-12-22,27.25,26.008593,1.2414073944091797,4.5556234657217605,0.8491066525847631,1.070972832477508,0.9485924184279924,3.5469678426824065,96.4530321573176,False,0.029411790892481804,0.001618355163373053,241.9468469619751
2023-12-26,27.21999931335449,25.96498,1.255020141601559,4.610654567451916,0.8491066525847631,1.070972832477508,0.9485924184279924,3.5469678426824065,96.4530321573176,False,0.029411790892481804,0.001618355163373053,241.9468469619751
2023-12-27,27.39999961853028,25.889696,1.5103034973144602,5.51205663628207,0.8491066525847631,1.070972832477508,0.9485924184279924,3.5469678426824065,96.4530321573176,False,0.029411790892481804,0.001618355163373053,241.9468469619751
2023-12-28,27.43000030517578,25.875143,1.5548572540283203,5.668455110206228,0.8491066525847631,1.070972832477508,0.9485924184279924,3.5469678426824065,96.4530321573176,False,0.029411790892481804,0.001618355163373053,241.9468469619751
2024-01-02,27.559999465942383,25.924204,1.6357955932617188,5.935397768360532,0.8491066525847631,1.070972832477508,0.9485924184279924,3.5469678426824065,96.4530321573176,False,0.029411790892481804,0.001618355163373053,241.9468469619751
2024-01-03,27.34000015258789,26.006262,1.3337383270263672,4.878340598327031,0.8491066525847631,1.070972832477508,0.9485924184279924,3.5469678426824065,96.4530321573176,False,0.029411790892481804,0.001618355163373053,241.9468469619751
2024-01-04,27.375,26.012497,1.3625030517578125,4.977180097745434,0.8491066525847631,1.070972832477508,0.9485924184279924,3.5469678426824065,96.4530321573176,False,0.029411790892481804,0.001618355163373053,241.9468469619751
2024-01-05,27.09000015258789,25.98323,1.1067695617675781,4.085528075059273,0.8491066525847631,1.070972832477508,0.9485924184279924,3.5469678426824065,96.4530321573176,False,0.029411790892481804,0.001618355163373053,241.9468469619751
2024-01-08,27.52499961853028,25.868202,1.6567974090576243,6.019245892894549,0.8491066525847631,1.070972832477508,0.9485924184279924,3.5469678426824065,96.4530321573176,False,0.029411790892481804,0.001618355163373053,241.9468469619751
2024-01-09,27.545000076293945,25.88182,1.6631793975830078,6.0380446287033775,0.8491066525847631,1.070972832477508,0.9485924184279924,3.5469678426824065,96.4530321573176,False,0.029411790892481804,0.001618355163373053,241.9468469619751
2024-01-10,27.084999084472656,25.973064,1.1119346618652344,4.105352407055042,0.8491066525847631,1.070972832477508,0.9485924184279924,3.5469678426824065,96.4530321573176,False,0.029411790892481804,0.001618355163373053,241.9468469619751
2024-01-11,27.200000762939453,25.919132,1.2808685302734375,4.709075346860455,0.8491066525847631,1.070972832477508,0.9485924184279924,3.5469678426824065,96.4530321573176,False,0.029411790892481804,0.001618355163373053,241.9468469619751
2024-01-12,27.39999961853028,25.841951,1.5580482482910227,5.686307554680891,0.8491066525847631,1.070972832477508,0.9485924184279924,3.5469678426824065,96.4530321573176,False,0.029411790892481804,0.001618355163373053,241.9468469619751
2024-01-15,27.549999237060547,25.848967,1.7010326385498047,6.174347316356938,0.8491066525847631,1.070972832477508,0.9485924184279924,3.5469678426824065,96.4530321573176,False,0.029411790892481804,0.001618355163373053,241.9468469619751
2024-01-16,27.979999542236328,25.944742,2.035257339477539,7.273972025643818,0.8491066525847631,1.070972832477508,0.9485924184279924,3.5469678426824065,96.4530321573176,False,0.029411790892481804,0.001618355163373053,241.9468469619751
2024-01-17,27.905000686645508,26.161879,1.7431221008300781,6.246629843891328,0.8491066525847631,1.070972832477508,0.9485924184279924,3.5469678426824065,96.4530321573176,False,0.029411790892481804,0.001618355163373053,241.9468469619751
2024-01-18,28.02499961853028,26.349058,1.6759414672851634,5.980165887948922,0.8491066525847631,1.070972832477508,0.9485924184279924,3.5469678426824065,96.4530321573176,False,0.029411790892481804,0.001618355163373053,241.9468469619751
2024-01-19,27.76499938964844,26.473278,1.2917213439941442,4.6523370156303105,0.8491066525847631,1.070972832477508,0.9485924184279924,3.5469678426824065,96.4530321573176,False,0.029411790892481804,0.001618355163373053,241.9468469619751
2024-01-22,28.03499984741211,26.44276,1.5922393798828125,5.67946990743355,0.8491066525847631,1.070972832477508,0.9485924184279924,3.5469678426824065,96.4530321573176,False,0.029411790892481804,0.001618355163373053,241.9468469619751
2024-01-23,27.905000686645508,26.439203,1.4657974243164062,5.252812715456741,0.8491066525847631,1.070972832477508,0.9485924184279924,3.5469678426824065,96.4530321573176,False,0.029411790892481804,0.001618355163373053,241.9468469619751
2024-01-24,28.34000015258789,26.426323,1.9136772155761719,6.7525660030789485,0.8491066525847631,1.070972832477508,0.9485924184279924,3.5469678426824065,96.4530321573176,False,0.029411790892481804,0.001618355163373053,241.9468469619751
2024-01-25,28.375,26.535534,1.8394660949707031,6.482699894169879,0.8491066525847631,1.070972832477508,0.9485924184279924,3.5469678426824065,96.4530321573176,False,0.029411790892481804,0.001618355163373053,241.9468469619751
2024-01-26,28.31999969482422,26.6865,1.6334991455078125,5.768005519457516,0.8491066525847631,1.070972832477508,0.9485924184279924,3.5469678426824065,96.4530321573176,False,0.029411790892481804,0.001618355163373053,241.9468469619751
2024-01-29,28.479999542236328,26.7691,1.7108993530273438,6.007371420389424,0.8491066525847631,1.070972832477508,0.9485924184279924,3.5469678426824065,96.4530321573176,False,0.029411790892481804,0.001618355163373053,241.9468469619751
2024-01-30,28.2450008392334,26.838457,1.4065437316894531,4.979797096467809,0.8491066525847631,1.070972832477508,0.9485924184279924,3.5469678426824065,96.4530321573176,False,0.029411790892481804,0.001618355163373053,241.9468469619751
2024-01-31,28.200000762939453,26.807547,1.3924541473388672,4.937780530732594,0.8491066525847631,1.070972832477508,0.9485924184279924,3.5469678426824065,96.4530321573176,False,0.029411790892481804,0.001618355163373053,241.9468469619751
2024-02-01,28.225000381469727,26.733328,1.4916725158691406,5.284933554326728,0.8491066525847631,1.070972832477508,0.9485924184279924,3.5469678426824065,96.4530321573176,False,0.029411790892481804,0.001618355163373053,241.9468469619751
2024-02-02,28.850000381469727,26.671652,2.1783485412597656,7.550601429658603,0.8491066525847631,1.070972832477508,0.9485924184279924,3.5469678426824065,96.4530321573176,False,0.029411790892481804,0.001618355163373053,241.9468469619751
2024-02-05,28.864999771118164,26.836132,2.028867721557617,7.028815997385415,0.8491066525847631,1.070972832477508,0.9485924184279924,3.5469678426824065,96.4530321573176,False,0.029411790892481804,0.001618355163373053,241.9468469619751
2024-02-06,29.209999084472656,27.052235,2.157764434814453,7.387074640346255,0.8491066525847631,1.070972832477508,0.9485924184279924,3.5469678426824065,96.4530321573176,False,0.029411790892481804,0.001618355163373053,241.9468469619751
2024-02-07,29.78499984741211,27.297438,2.4875621795654297,8.351728025211198,0.8491066525847631,1.070972832477508,0.9485924184279924,3.5469678426824065,96.4530321573176,False,0.029411790892481804,0.001618355163373053,241.9468469619751
2024-02-08,29.729999542236328,27.643349,2.086650848388672,7.018670973823067,0.8491066525847631,1.070972832477508,0.9485924184279924,3.5469678426824065,96.4530321573176,False,0.029411790892481804,0.001618355163373053,241.9468469619751
2024-02-09,29.25,27.89323,1.3567695617675781,4.638528416299413,0.8491066525847631,1.070972832477508,0.9485924184279924,3.5469678426824065,96.4530321573176,False,0.029411790892481804,0.001618355163373053,241.9468469619751
2024-02-14,28.68000030517578,27.85997,0.8200302124023438,2.8592405985935634,0.8491066525847631,1.070972832477508,0.9485924184279924,3.5469678426824065,96.4530321573176,False,0.029411790892481804,0.001618355163373053,241.9468469619751
2024-02-15,29.174999237060547,27.539457,1.6355419158935547,5.605970723783092,0.8491066525847631,1.070972832477508,0.9485924184279924,3.5469678426824065,96.4530321573176,False,0.029411790892481804,0.001618355163373053,241.9468469619751
2024-02-16,29.290000915527344,27.369207,1.9207935333251953,6.557847296982964,0.8491066525847631,1.070972832477508,0.9485924184279924,3.5469678426824065,96.4530321573176,False,0.029411790892481804,0.001618355163373053,241.9468469619751
2024-02-19,28.959999084472656,27.380526,1.5794734954833984,5.453983236934069,0.8491066525847631,1.070972832477508,0.9485924184279924,3.5469678426824065,96.4530321573176,False,0.029411790892481804,0.001618355163373053,241.9468469619751
2024-02-20,29.43000030517578,27.36994,2.060060501098633,6.999865714362005,0.8491066525847631,1.070972832477508,0.9485924184279924,3.5469678426824065,96.4530321573176,False,0.029411790892481804,0.001618355163373053,241.9468469619751
2024-02-21,29.65999984741211,27.480614,2.1793861389160156,7.347896662602886,0.8491066525847631,1.070972832477508,0.9485924184279924,3.5469678426824065,96.4530321573176,False,0.029411790892481804,0.001618355163373053,241.9468469619751
2024-02-22,29.34499931335449,27.678919,1.666080474853512,5.6775618123640665,0.8491066525847631,1.070972832477508,0.9485924184279924,3.5469678426824065,96.4530321573176,False,0.029411790892481804,0.001618355163373053,241.9468469619751
2024-02-23,29.065000534057617,27.740446,1.324554443359375,4.557214584624887,0.8491066525847631,1.070972832477508,0.9485924184279924,3.5469678426824065,96.4530321573176,False,0.029411790892481804,0.001618355163373053,241.9468469619751
2024-02-26,28.70499992370605,27.61802,1.0869808197021449,3.7867299167085546,0.8491066525847631,1.070972832477508,0.9485924184279924,3.5469678426824065,96.4530321573176,False,0.029411790892481804,0.001618355163373053,241.9468469619751
2024-02-27,29.09499931335449,27.373085,1.7219142913818324,5.918248262654128,0.8491066525847631,1.070972832477508,0.9485924184279924,3.5469678426824065,96.4530321573176,False,0.029411790892481804,0.001618355163373053,241.9468469619751
2024-02-28,29.290000915527344,27.274914,2.015087127685547,6.8797783021485,0.8491066525847631,1.070972832477508,0.9485924184279924,3.5469678426824065,96.4530321573176,False,0.029411790892481804,0.001618355163373053,241.9468469619751
2024-02-29,29.375,27.343733,2.0312671661376953,6.914952054936835,0.8491066525847631,1.070972832477508,0.9485924184279924,3.5469678426824065,96.4530321573176,False,0.029411790892481804,0.001618355163373053,241.9468469619751
2024-03-01,28.975000381469727,27.49535,1.4796504974365234,5.1066453078730545,0.8491066525847631,1.070972832477508,0.9485924184279924,3.5469678426824065,96.4530321573176,False,0.029411790892481804,0.001618355163373053,241.9468469619751
2024-03-04,29.01000022888184,27.500875,1.5091247558593786,5.202084605145645,0.8491066525847631,1.070972832477508,0.9485924184279924,3.5469678426824065,96.4530321573176,False,0.029411790892481804,0.001618355163373053,241.9468469619751
2024-03-05,28.89999961853028,27.42869,1.4713096618652415,5.091036959467148,0.8491066525847631,1.070972832477508,0.9485924184279924,3.5469678426824065,96.4530321573176,False,0.029411790892481804,0.001618355163373053,241.9468469619751
2024-03-06,29.11000061035156,27.326624,1.7833766937255824,6.126336847589798,0.8491066525847631,1.070972832477508,0.9485924184279924,3.5469678426824065,96.4530321573176,False,0.029411790892481804,0.001618355163373053,241.9468469619751
2024-03-07,29.46999931335449,27.307316,2.162683486938473,7.338593611566327,0.8491066525847631,1.070972832477508,0.9485924184279924,3.5469678426824065,96.4530321573176,False,0.029411790892481804,0.001618355163373053,241.9468469619751
2024-03-08,28.5049991607666,27.455982,1.0490169525146484,3.6801157109258327,0.8491066525847631,1.070972832477508,0.9485924184279924,3.5469678426824065,96.4530321573176,False,0.029411790892481804,0.001618355163373053,241.9468469619751
2024-03-11,28.850000381469727,27.34227,1.507730484008789,5.226102128501877,0.8491066525847631,1.070972832477508,0.9485924184279924,3.5469678426824065,96.4530321573176,False,0.029411790892481804,0.001618355163373053,241.9468469619751
2024-03-12,28.5049991607666,27.222528,1.282470703125,4.4991080192352815,0.8491066525847631,1.070972832477508,0.9485924184279924,3.5469678426824065,96.4530321573176,False,0.029411790892481804,0.001618355163373053,241.9468469619751
2024-03-13,28.7549991607666,27.060875,1.6941242218017578,5.891581537979057,0.8491066525847631,1.070972832477508,0.9485924184279924,3.5469678426824065,96.4530321573176,False,0.029411790892481804,0.001618355163373053,241.9468469619751
2024-03-14,28.475000381469727,27.011189,1.4638118743896484,5.140691324949842,0.8491066525847631,1.070972832477508,0.9485924184279924,3.5469678426824065,96.4530321573176,False,0.029411790892481804,0.001618355163373053,241.9468469619751
2024-03-15,28.40999984741211,26.952028,1.4579715728759766,5.131895743423541,0.8491066525847631,1.070972832477508,0.9485924184279924,3.5469678426824065,96.4530321573176,False,0.029411790892481804,0.001618355163373053,241.9468469619751
2024-03-18,28.64999961853028,26.88478,1.765218734741218,6.161322018306443,0.8491066525847631,1.070972832477508,0.9485924184279924,3.5469678426824065,96.4530321573176,False,0.029411790892481804,0.001618355163373053,241.9468469619751
2024-03-19,28.1200008392334,26.91504,1.2049617767333984,4.285070201890676,0.8491066525847631,1.070972832477508,0.9485924184279924,3.5469678426824065,96.4530321573176,False,0.029411790892481804,0.001618355163373053,241.9468469619751
2024-03-20,27.915000915527344,26.804337,1.1106643676757812,3.9787366335280656,0.8491066525847631,1.070972832477508,0.9485924184279924,3.5469678426824065,96.4530321573176,False,0.029411790892481804,0.001618355163373053,241.9468469619751
2024-03-21,28.299999237060547,26.61481,1.6851882934570312,5.954729112678478,0.8491066525847631,1.070972832477508,0.9485924184279924,3.5469678426824065,96.4530321573176,False,0.029411790892481804,0.001618355163373053,241.9468469619751
2024-03-22,27.834999084472656,26.564928,1.270071029663086,4.562856373045747,0.8491066525847631,1.070972832477508,0.9485924184279924,3.5469678426824065,96.4530321573176,False,0.029411790892481804,0.001618355163373053,241.9468469619751
2024-03-25,27.71500015258789,26.48456,1.2304401397705078,4.439618015501311,0.8491066525847631,1.070972832477508,0.9485924184279924,3.5469678426824065,96.4530321573176,False,0.029411790892481804,0.001618355163373053,241.9468469619751
2024-03-26,27.84499931335449,26.354578,1.490421295166012,5.352563591018674,0.8491066525847631,1.070972832477508,0.9485924184279924,3.5469678426824065,96.4530321573176,False,0.029411790892481804,0.001618355163373053,241.9468469619751
2024-03-27,28.084999084472656,26.29354,1.7914600372314453,6.37870783560712,0.8491066525847631,1.070972832477508,0.9485924184279924,3.5469678426824065,96.4530321573176,False,0.029411790892481804,0.001618355163373053,241.9468469619751
2024-03-28,27.8799991607666,26.369894,1.5101051330566406,5.4164461209227595,0.8491066525847631,1.070972832477508,0.9485924184279924,3.5469678426824065,96.4530321573176,False,0.029411790892481804,0.001618355163373053,241.9468469619751
2024-04-01,28.350000381469727,26.405905,1.9440956115722656,6.85748001909367,0.8491066525847631,1.070972832477508,0.9485924184279924,3.5469678426824065,96.4530321573176,False,0.029411790892481804,0.001618355163373053,241.9468469619751
2024-04-02,28.02499961853028,26.540268,1.484731674194343,5.297882941674085,0.8491066525847631,1.070972832477508,0.9485924184279924,3.5469678426824065,96.4530321573176,False,0.029411790892481804,0.001618355163373053,241.9468469619751
2024-04-03,28.045000076293945,26.598284,1.44671630859375,5.158553412936659,0.8491066525847631,1.070972832477508,0.9485924184279924,3.5469678426824065,96.4530321573176,False,0.029411790892481804,0.001618355163373053,241.9468469619751
2024-04-04,28.27499961853028,26.576794,1.6982059478759837,6.006033495268551,0.8491066525847631,1.070972832477508,0.9485924184279924,3.5469678426824065,96.4530321573176,False,0.029411790892481804,0.001618355163373053,241.9468469619751
2024-04-05,28.450000762939453,26.606022,1.8439788818359375,6.4814721700746185,0.8491066525847631,1.070972832477508,0.9485924184279924,3.5469678426824065,96.4530321573176,False,0.029411790892481804,0.001618355163373053,241.9468469619751
2024-04-08,28.75,26.711395,2.038604736328125,7.090799082880435,0.8491066525847631,1.070972832477508,0.9485924184279924,3.5469678426824065,96.4530321573176,False,0.029411790892481804,0.001618355163373053,241.9468469619751
2024-04-09,29.125,26.902157,2.2228431701660156,7.6320795542180795,0.8491066525847631,1.070972832477508,0.9485924184279924,3.5469678426824065,96.4530321573176,False,0.029411790892481804,0.001618355163373053,241.9468469619751
2024-04-10,29.170000076293945,27.164804,2.0051956176757812,6.874170765962308,0.8491066525847631,1.070972832477508,0.9485924184279924,3.5469678426824065,96.4530321573176,False,0.029411790892481804,0.001618355163373053,241.9468469619751
2024-04-11,28.75,27.391623,1.358377456665039,4.724791153617527,0.8491066525847631,1.070972832477508,0.9485924184279924,3.5469678426824065,96.4530321573176,False,0.029411790892481804,0.001618355163373053,241.9468469619751
2024-04-12,28.8700008392334,27.3769,1.4931011199951172,5.171808370597763,0.8491066525847631,1.070972832477508,0.9485924184279924,3.5469678426824065,96.4530321573176,False,0.029411790892481804,0.001618355163373053,241.9468469619751
2024-04-15,28.6299991607666,27.292564,1.3374347686767578,4.671445364586404,0.8491066525847631,1.070972832477508,0.9485924184279924,3.5469678426824065,96.4530321573176,False,0.029411790892481804,0.001618355163373053,241.9468469619751
2024-04-16,28.229999542236328,27.157804,1.072195053100586,3.7980696793721895,0.8491066525847631,1.070972832477508,0.9485924184279924,3.5469678426824065,96.4530321573176,False,0.029411790892481804,0.001618355163373053,241.9468469619751
2024-04-17,28.0,26.928644,1.0713558197021484,3.8262707846505304,0.8491066525847631,1.070972832477508,0.9485924184279924,3.5469678426824065,96.4530321573176,False,0.029411790892481804,0.001618355163373053,241.9468469619751
2024-04-18,28.14999961853028,26.671011,1.4789886474609446,5.253956190064642,0.8491066525847631,1.070972832477508,0.9485924184279924,3.5469678426824065,96.4530321573176,False,0.029411790892481804,0.001618355163373053,241.9468469619751
2024-04-19,28.020000457763672,26.545221,1.4747791290283203,5.263308725677391,0.8491066525847631,1.070972832477508,0.9485924184279924,3.5469678426824065,96.4530321573176,False,0.029411790892481804,0.001618355163373053,241.9468469619751
2024-04-22,27.799999237060547,26.489132,1.3108673095703125,4.715350163833019,0.8491066525847631,1.070972832477508,0.9485924184279924,3.5469678426824065,96.4530321573176,False,0.029411790892481804,0.001618355163373053,241.9468469619751
2024-04-23,27.3700008392334,26.401316,0.9686851501464844,3.539222215725793,0.8491066525847631,1.070972832477508,0.9485924184279924,3.5469678426824065,96.4530321573176,False,0.029411790892481804,0.001618355163373053,241.9468469619751
2024-04-24,27.600000381469727,26.207052,1.3929481506347656,5.046913519501154,0.8491066525847631,1.070972832477508,0.9485924184279924,3.5469678426824065,96.4530321573176,False,0.029411790892481804,0.001618355163373053,241.9468469619751
2024-04-25,27.540000915527344,26.09178,1.448221206665039,5.25860987117294,0.8491066525847631,1.070972832477508,0.9485924184279924,3.5469678426824065,96.4530321573176,False,0.029411790892481804,0.001618355163373053,241.9468469619751
2024-04-26,27.3799991607666,26.04611,1.3338890075683594,4.871764238326633,0.8491066525847631,1.070972832477508,0.9485924184279924,3.5469678426824065,96.4530321573176,False,0.029411790892481804,0.001618355163373053,241.9468469619751
2024-04-29,27.56999969482422,25.995506,1.574493408203125,5.710893818031882,0.8491066525847631,1.070972832477508,0.9485924184279924,3.5469678426824065,96.4530321573176,False,0.029411790892481804,0.001618355163373053,241.9468469619751
2024-04-30,27.5,26.016567,1.4834327697753906,5.39430098100142,0.8491066525847631,1.070972832477508,0.9485924184279924,3.5469678426824065,96.4530321573176,False,0.029411790892481804,0.001618355163373053,241.9468469619751
2024-05-02,27.540000915527344,26.043074,1.496927261352539,5.4354655468023445,0.8491066525847631,1.070972832477508,0.9485924184279924,3.5469678426824065,96.4530321573176,False,0.029411790892481804,0.001618355163373053,241.9468469619751
2024-05-03,28.020000457763672,26.066357,1.953643798828125,6.972318939726558,0.8491066525847631,1.070972832477508,0.9485924184279924,3.5469678426824065,96.4530321573176,False,0.029411790892481804,0.001618355163373053,241.9468469619751
2024-05-06,28.299999237060547,26.216383,2.083616256713867,7.362601812318237,0.8491066525847631,1.070972832477508,0.9485924184279924,3.5469678426824065,96.4530321573176,False,0.029411790892481804,0.001618355163373053,241.9468469619751
2024-05-07,28.479999542236328,26.472214,2.0077857971191406,7.049809794208599,0.8491066525847631,1.070972832477508,0.9485924184279924,3.5469678426824065,96.4530321573176,False,0.029411790892481804,0.001618355163373053,241.9468469619751
2024-05-08,28.270000457763672,26.725727,1.5442733764648438,5.462587023201644,0.8491066525847631,1.070972832477508,0.9485924184279924,3.5469678426824065,96.4530321573176,False,0.029411790892481804,0.001618355163373053,241.9468469619751
2024-05-09,28.26000022888184,26.817944,1.4420566558837926,5.1028189816148855,0.8491066525847631,1.070972832477508,0.9485924184279924,3.5469678426824065,96.4530321573176,False,0.029411790892481804,0.001618355163373053,241.9468469619751
2024-05-10,27.350000381469727,26.801945,0.5480556488037109,2.0038597482983276,0.8491066525847631,1.070972832477508,0.9485924184279924,3.5469678426824065,96.4530321573176,False,0.029411790892481804,0.001618355163373053,241.9468469619751
2024-05-13,27.64999961853028,26.47971,1.17028999328614,4.232513596498726,0.8491066525847631,1.070972832477508,0.9485924184279924,3.5469678426824065,96.4530321573176,False,0.029411790892481804,0.001618355163373053,241.9468469619751
2024-05-14,27.8700008392334,26.212679,1.6573219299316406,5.946616002962515,0.8491066525847631,1.070972832477508,0.9485924184279924,3.5469678426824065,96.4530321573176,False,0.029411790892481804,0.001618355163373053,241.9468469619751
2024-05-15,27.75,26.1684,1.5816001892089844,5.699460141293637,0.8491066525847631,1.070972832477508,0.9485924184279924,3.5469678426824065,96.4530321573176,False,0.029411790892481804,0.001618355163373053,241.9468469619751
2024-05-16,27.850000381469727,26.203587,1.646413803100586,5.911719140212449,0.8491066525847631,1.070972832477508,0.9485924184279924,3.5469678426824065,96.4530321573176,False,0.029411790892481804,0.001618355163373053,241.9468469619751
2024-05-17,27.700000762939453,26.275434,1.4245662689208984,5.14283837431103,0.8491066525847631,1.070972832477508,0.9485924184279924,3.5469678426824065,96.4530321573176,False,0.029411790892481804,0.001618355163373053,241.9468469619751
2024-05-20,27.64999961853028,26.287394,1.3626060485839915,4.92805087661126,0.8491066525847631,1.070972832477508,0.9485924184279924,3.5469678426824065,96.4530321573176,False,0.029411790892481804,0.001618355163373053,241.9468469619751
2024-05-21,27.950000762939453,26.252827,1.697174072265625,6.072178983680057,0.8491066525847631,1.070972832477508,0.9485924184279924,3.5469678426824065,96.4530321573176,False,0.029411790892481804,0.001618355163373053,241.9468469619751
2024-05-22,27.81999969482422,26.28237,1.5376300811767578,5.527067210798089,0.8491066525847631,1.070972832477508,0.9485924184279924,3.5469678426824065,96.4530321573176,False,0.029411790892481804,0.001618355163373053,241.9468469619751
2024-05-23,27.5,26.320133,1.1798667907714844,4.290424693714489,0.8491066525847631,1.070972832477508,0.9485924184279924,3.5469678426824065,96.4530321573176,False,0.029411790892481804,0.001618355163373053,241.9468469619751
2024-05-24,27.01000022888184,26.243635,0.7663650512695348,2.8373381887278155,0.8491066525847631,1.070972832477508,0.9485924184279924,3.5469678426824065,96.4530321573176,False,0.029411790892481804,0.001618355163373053,241.9468469619751
2024-05-27,27.13999938964844,25.987574,1.1524257659912145,4.246226204525137,0.8491066525847631,1.070972832477508,0.9485924184279924,3.5469678426824065,96.4530321573176,False,0.029411790892481804,0.001618355163373053,241.9468469619751
2024-05-28,27.549999237060547,25.784773,1.7652263641357422,6.407355401161468,0.8491066525847631,1.070972832477508,0.9485924184279924,3.5469678426824065,96.4530321573176,False,0.029411790892481804,0.001618355163373053,241.9468469619751
2024-05-29,27.46999931335449,25.81136,1.6586399078369105,6.038004911891519,0.8491066525847631,1.070972832477508,0.9485924184279924,3.5469678426824065,96.4530321573176,False,0.029411790892481804,0.001618355163373053,241.9468469619751
2024-05-31,27.3799991607666,25.914019,1.4659805297851562,5.354202245140284,0.8491066525847631,1.070972832477508,0.9485924184279924,3.5469678426824065,96.4530321573176,False,0.029411790892481804,0.001618355163373053,241.9468469619751
2024-06-03,27.18000030517578,25.97731,1.2026901245117188,4.424908429021229,0.8491066525847631,1.070972832477508,0.9485924184279924,3.5469678426824065,96.4530321573176,False,0.029411790892481804,0.001618355163373053,241.9468469619751
2024-06-04,27.14999961853028,25.929707,1.2202930450439524,4.494633746554767,0.8491066525847631,1.070972832477508,0.9485924184279924,3.5469678426824065,96.4530321573176,False,0.029411790892481804,0.001618355163373053,241.9468469619751
2024-06-05,27.25,25.836664,1.4133358001708984,5.186553395122563,0.8491066525847631,1.070972832477508,0.9485924184279924,3.5469678426824065,96.4530321573176,False,0.029411790892481804,0.001618355163373053,241.9468469619751
2024-06-06,27.299999237060547,25.787258,1.5127410888671875,5.541176304553142,0.8491066525847631,1.070972832477508,0.9485924184279924,3.5469678426824065,96.4530321573176,False,0.029411790892481804,0.001618355163373053,241.9468469619751
2024-06-07,27.5,25.803581,1.6964187622070312,6.168795498934659,0.8491066525847631,1.070972832477508,0.9485924184279924,3.5469678426824065,96.4530321573176,False,0.029411790892481804,0.001618355163373053,241.9468469619751
2024-06-10,27.25,25.906002,1.3439979553222656,4.93210258833859,0.8491066525847631,1.070972832477508,0.9485924184279924,3.5469678426824065,96.4530321573176,False,0.029411790892481804,0.001618355163373053,241.9468469619751
2024-06-11,27.36000061035156,25.929415,1.4305858612060511,5.228749376068341,0.8491066525847631,1.070972832477508,0.9485924184279924,3.5469678426824065,96.4530321573176,False,0.029411790892481804,0.001618355163373053,241.9468469619751
2024-06-12,27.299999237060547,25.93084,1.3691596984863281,5.0152371309507355,0.8491066525847631,1.070972832477508,0.9485924184279924,3.5469678426824065,96.4530321573176,False,0.029411790892481804,0.001618355163373053,241.9468469619751
2024-06-13,26.6200008392334,25.909445,0.7105560302734375,2.669256227919413,0.8491066525847631,1.070972832477508,0.9485924184279924,3.5469678426824065,96.4530321573176,False,0.029411790892481804,0.001618355163373053,241.9468469619751
2024-06-14,26.549999237060547,25.686403,0.8635959625244141,3.2527155832040098,0.8491066525847631,1.070972832477508,0.9485924184279924,3.5469678426824065,96.4530321573176,False,0.029411790892481804,0.001618355163373053,241.9468469619751
2024-06-17,26.450000762939453,25.42154,1.0284614562988281,3.888322974038859,0.8491066525847631,1.070972832477508,0.9485924184279924,3.5469678426824065,96.4530321573176,False,0.029411790892481804,0.001618355163373053,241.9468469619751
2024-06-18,26.3799991607666,25.217695,1.1623039245605469,4.40600440309783,0.8491066525847631,1.070972832477508,0.9485924184279924,3.5469678426824065,96.4530321573176,False,0.029411790892481804,0.001618355163373053,241.9468469619751
2024-06-19,26.09000015258789,25.099545,0.9904556274414062,3.79630364756116,0.8491066525847631,1.070972832477508,0.9485924184279924,3.5469678426824065,96.4530321573176,False,0.029411790892481804,0.001618355163373053,241.9468469619751
2024-06-20,26.3799991607666,24.964966,1.4150333404541016,5.364038610579625,0.8491066525847631,1.070972832477508,0.9485924184279924,3.5469678426824065,96.4530321573176,False,0.029411790892481804,0.001618355163373053,241.9468469619751
2024-06-21,26.39999961853028,24.95509,1.4449100494384837,5.473144205745725,0.8491066525847631,1.070972832477508,0.9485924184279924,3.5469678426824065,96.4530321573176,False,0.029411790892481804,0.001618355163373053,241.9468469619751
2024-06-24,26.61000061035156,25.018433,1.591567993164059,5.98108965298153,0.8491066525847631,1.070972832477508,0.9485924184279924,3.5469678426824065,96.4530321573176,False,0.029411790892481804,0.001618355163373053,241.9468469619751
2024-06-25,26.809999465942383,25.13397,1.6760292053222656,6.251507790782989,0.8491066525847631,1.070972832477508,0.9485924184279924,3.5469678426824065,96.4530321573176,False,0.029411790892481804,0.001618355163373053,241.9468469619751
2024-06-26,26.89999961853028,25.299517,1.6004829406738352,5.949750793198263,0.8491066525847631,1.070972832477508,0.9485924184279924,3.5469678426824065,96.4530321573176,False,0.029411790892481804,0.001618355163373053,241.9468469619751
2024-06-27,26.790000915527344,25.452606,1.3373947143554688,4.992141353680664,0.8491066525847631,1.070972832477508,0.9485924184279924,3.5469678426824065,96.4530321573176,False,0.029411790892481804,0.001618355163373053,241.9468469619751
2024-06-28,26.700000762939453,25.509912,1.1900882720947266,4.457259318683658,0.8491066525847631,1.070972832477508,0.9485924184279924,3.5469678426824065,96.4530321573176,False,0.029411790892481804,0.001618355163373053,241.9468469619751
2024-07-01,26.739999771118164,25.468933,1.271066665649414,4.753428109682676,0.8491066525847631,1.070972832477508,0.9485924184279924,3.5469678426824065,96.4530321573176,False,0.029411790892481804,0.001618355163373053,241.9468469619751
2024-07-02,26.420000076293945,25.423864,0.9961357116699219,3.7703849689377233,0.8491066525847631,1.070972832477508,0.9485924184279924,3.5469678426824065,96.4530321573176,False,0.029411790892481804,0.001618355163373053,241.9468469619751
2024-07-03,26.549999237060547,25.300207,1.2497920989990234,4.707315009088463,0.8491066525847631,1.070972832477508,0.9485924184279924,3.5469678426824065,96.4530321573176,False,0.029411790892481804,0.001618355163373053,241.9468469619751
2024-07-04,26.89999961853028,25.221333,1.6786670684814524,6.240398112589894,0.8491066525847631,1.070972832477508,0.9485924184279924,3.5469678426824065,96.4530321573176,False,0.029411790892481804,0.001618355163373053,241.9468469619751
2024-07-05,26.850000381469727,25.30447,1.5455303192138672,5.75616498046868,0.8491066525847631,1.070972832477508,0.9485924184279924,3.5469678426824065,96.4530321573176,False,0.029411790892481804,0.001618355163373053,241.9468469619751
2024-07-08,26.690000534057617,25.419422,1.270578384399414,4.760503405678468,0.8491066525847631,1.070972832477508,0.9485924184279924,3.5469678426824065,96.4530321573176,False,0.029411790892481804,0.001618355163373053,241.9468469619751
2024-07-09,26.280000686645508,25.444359,0.8356418609619141,3.179763467002325,0.8491066525847631,1.070972832477508,0.9485924184279924,3.5469678426824065,96.4530321573176,False,0.029411790892481804,0.001618355163373053,241.9468469619751
2024-07-10,26.31999969482422,25.294252,1.025747299194336,3.8972162275368394,0.8491066525847631,1.070972832477508,0.9485924184279924,3.5469678426824065,96.4530321573176,False,0.029411790892481804,0.001618355163373053,241.9468469619751
2024-07-11,26.6299991607666,25.131466,1.4985332489013672,5.62723731178003,0.8491066525847631,1.070972832477508,0.9485924184279924,3.5469678426824065,96.4530321573176,False,0.029411790892481804,0.001618355163373053,241.9468469619751
2024-07-12,26.56999969482422,25.118845,1.4511547088623047,5.461628624500838,0.8491066525847631,1.070972832477508,0.9485924184279924,3.5469678426824065,96.4530321573176,False,0.029411790892481804,0.001618355163373053,241.9468469619751
2024-07-15,26.850000381469727,25.174704,1.6752967834472656,6.2394665163709115,0.8491066525847631,1.070972832477508,0.9485924184279924,3.5469678426824065,96.4530321573176,False,0.029411790892481804,0.001618355163373053,241.9468469619751
2024-07-16,26.989999771118164,25.316942,1.6730575561523438,6.1988053736209086,0.8491066525847631,1.070972832477508,0.9485924184279924,3.5469678426824065,96.4530321573176,False,0.029411790892481804,0.001618355163373053,241.9468469619751
2024-07-17,27.14999961853028,25.485123,1.664876937866218,6.132143503714508,0.8491066525847631,1.070972832477508,0.9485924184279924,3.5469678426824065,96.4530321573176,False,0.029411790892481804,0.001618355163373053,241.9468469619751
2024-07-18,27.34000015258789,25.64687,1.6931304931640625,6.19286936252558,0.8491066525847631,1.070972832477508,0.9485924184279924,3.5469678426824065,96.4530321573176,False,0.029411790892481804,0.001618355163373053,241.9468469619751
2024-07-19,27.190000534057617,25.797546,1.3924541473388672,5.121199411506846,0.8491066525847631,1.070972832477508,0.9485924184279924,3.5469678426824065,96.4530321573176,False,0.029411790892481804,0.001618355163373053,241.9468469619751
2024-07-22,27.170000076293945,25.853516,1.3164844512939453,4.845360499069668,0.8491066525847631,1.070972832477508,0.9485924184279924,3.5469678426824065,96.4530321573176,False,0.029411790892481804,0.001618355163373053,241.9468469619751
2024-07-23,27.14999961853028,25.841066,1.3089332580566477,4.821117040323202,0.8491066525847631,1.070972832477508,0.9485924184279924,3.5469678426824065,96.4530321573176,False,0.029411790892481804,0.001618355163373053,241.9468469619751
2024-07-24,27.049999237060547,25.795292,1.2547073364257812,4.638474572327297,0.8491066525847631,1.070972832477508,0.9485924184279924,3.5469678426824065,96.4530321573176,False,0.029411790892481804,0.001618355163373053,241.9468469619751
2024-07-25,26.84000015258789,25.731445,1.1085548400878906,4.130234105013613,0.8491066525847631,1.070972832477508,0.9485924184279924,3.5469678426824065,96.4530321573176,False,0.029411790892481804,0.001618355163373053,241.9468469619751
2024-07-26,26.88999938964844,25.618084,1.2719154357910192,4.730068667389613,0.8491066525847631,1.070972832477508,0.9485924184279924,3.5469678426824065,96.4530321573176,False,0.029411790892481804,0.001618355163373053,241.9468469619751
2024-07-29,27.209999084472656,25.536884,1.6731147766113281,6.148896850077766,0.8491066525847631,1.070972832477508,0.9485924184279924,3.5469678426824065,96.4530321573176,False,0.029411790892481804,0.001618355163373053,241.9468469619751
2024-07-30,27.15999984741211,25.601267,1.5587329864501953,5.739075829187518,0.8491066525847631,1.070972832477508,0.9485924184279924,3.5469678426824065,96.4530321573176,False,0.029411790892481804,0.001618355163373053,241.9468469619751
2024-07-31,27.0,25.692331,1.307668685913086,4.8432173552336515,0.8491066525847631,1.070972832477508,0.9485924184279924,3.5469678426824065,96.4530321573176,False,0.029411790892481804,0.001618355163373053,241.9468469619751
2024-08-01,26.64999961853028,25.70646,0.9435386657714915,3.5404828490707745,0.8491066525847631,1.070972832477508,0.9485924184279924,3.5469678426824065,96.4530321573176,False,0.029411790892481804,0.001618355163373053,241.9468469619751
2024-08-02,26.5,25.573133,0.9268665313720703,3.497609552347435,0.8491066525847631,1.070972832477508,0.9485924184279924,3.5469678426824065,96.4530321573176,False,0.029411790892481804,0.001618355163373053,241.9468469619751
2024-08-05,26.0,25.374237,0.625762939453125,2.4067805363581734,0.8491066525847631,1.070972832477508,0.9485924184279924,3.5469678426824065,96.4530321573176,False,0.029411790892481804,0.001618355163373053,241.9468469619751
2024-08-06,26.39999961853028,25.074196,1.3258037567138743,5.021983999512207,0.8491066525847631,1.070972832477508,0.9485924184279924,3.5469678426824065,96.4530321573176,False,0.029411790892481804,0.001618355163373053,241.9468469619751
2024-08-07,26.850000381469727,24.953058,1.896942138671875,7.064961309948553,0.8491066525847631,1.070972832477508,0.9485924184279924,3.5469678426824065,96.4530321573176,False,0.029411790892481804,0.001618355163373053,241.9468469619751
2024-08-08,26.15999984741211,25.112469,1.0475311279296875,4.004323906879973,0.8491066525847631,1.070972832477508,0.9485924184279924,3.5469678426824065,96.4530321573176,False,0.029411790892481804,0.001618355163373053,241.9468469619751
2024-08-09,26.299999237060547,25.129234,1.1707649230957031,4.451577783492572,0.8491066525847631,1.070972832477508,0.9485924184279924,3.5469678426824065,96.4530321573176,False,0.029411790892481804,0.001618355163373053,241.9468469619751
2024-08-12,26.6200008392334,25.083185,1.5368156433105469,5.773161513374332,0.8491066525847631,1.070972832477508,0.9485924184279924,3.5469678426824065,96.4530321573176,False,0.029411790892481804,0.001618355163373053,241.9468469619751
2024-08-13,27.200000762939453,25.131973,2.0680274963378906,7.603042052688541,0.8491066525847631,1.070972832477508,0.9485924184279924,3.5469678426824065,96.4530321573176,False,0.029411790892481804,0.001618355163373053,241.9468469619751
2024-08-14,27.46999931335449,25.389715,2.08028411865234,7.572931090831932,0.8491066525847631,1.070972832477508,0.9485924184279924,3.5469678426824065,96.4530321573176,False,0.029411790892481804,0.001618355163373053,241.9468469619751
2024-08-15,27.989999771118164,25.722147,2.267852783203125,8.102367994812338,0.8491066525847631,1.070972832477508,0.9485924184279924,3.5469678426824065,96.4530321573176,False,0.029411790892481804,0.001618355163373053,241.9468469619751
2024-08-16,28.299999237060547,26.12609,2.173910140991211,7.681661482677163,0.8491066525847631,1.070972832477508,0.9485924184279924,3.5469678426824065,96.4530321573176,False,0.029411790892481804,0.001618355163373053,241.9468469619751
2024-08-19,28.39999961853028,26.51416,1.8858394622802805,6.640279885954005,0.8491066525847631,1.070972832477508,0.9485924184279924,3.5469678426824065,96.4530321573176,False,0.029411790892481804,0.001618355163373053,241.9468469619751
2024-08-20,29.170000076293945,26.762064,2.4079360961914062,8.254837469638208,0.8491066525847631,1.070972832477508,0.9485924184279924,3.5469678426824065,96.4530321573176,False,0.029411790892481804,0.001618355163373053,241.9468469619751
2024-08-21,29.309999465942383,27.096033,2.2139663696289062,7.553621323676548,0.8491066525847631,1.070972832477508,0.9485924184279924,3.5469678426824065,96.4530321573176,False,0.029411790892481804,0.001618355163373053,241.9468469619751
2024-08-22,28.61000061035156,27.411276,1.198724746704098,4.189880185708141,0.8491066525847631,1.070972832477508,0.9485924184279924,3.5469678426824065,96.4530321573176,False,0.029411790892481804,0.001618355163373053,241.9468469619751
2024-08-23,28.14999961853028,27.396235,0.753765106201179,2.677673592950952,0.8491066525847631,1.070972832477508,0.9485924184279924,3.5469678426824065,96.4530321573176,False,0.029411790892481804,0.001618355163373053,241.9468469619751
2024-08-26,28.21999931335449,27.083937,1.136062622070309,4.025735824637999,0.8491066525847631,1.070972832477508,0.9485924184279924,3.5469678426824065,96.4530321573176,False,0.029411790892481804,0.001618355163373053,241.9468469619751
2024-08-27,28.3799991607666,26.790833,1.5891666412353516,5.599600733717657,0.8491066525847631,1.070972832477508,0.9485924184279924,3.5469678426824065,96.4530321573176,False,0.029411790892481804,0.001618355163373053,241.9468469619751
2024-08-28,28.0,26.677715,1.3222846984863281,4.722445351736886,0.8491066525847631,1.070972832477508,0.9485924184279924,3.5469678426824065,96.4530321573176,False,0.029411790892481804,0.001618355163373053,241.9468469619751
2024-08-29,28.100000381469727,26.572813,1.5271873474121094,5.434830344056501,0.8491066525847631,1.070972832477508,0.9485924184279924,3.5469678426824065,96.4530321573176,False,0.029411790892481804,0.001618355163373053,241.9468469619751
2024-08-30,28.200000762939453,26.53542,1.664581298828125,5.902770403523265,0.8491066525847631,1.070972832477508,0.9485924184279924,3.5469678426824065,96.4530321573176,False,0.029411790892481804,0.001618355163373053,241.9468469619751
2024-09-02,28.3799991607666,26.569357,1.8106422424316406,6.379993995682456,0.8491066525847631,1.070972832477508,0.9485924184279924,3.5469678426824065,96.4530321573176,False,0.029411790892481804,0.001618355163373053,241.9468469619751
2024-09-03,28.440000534057617,26.660751,1.7792491912841797,6.256150344137596,0.8491066525847631,1.070972832477508,0.9485924184279924,3.5469678426824065,96.4530321573176,False,0.029411790892481804,0.001618355163373053,241.9468469619751
2024-09-04,28.75,26.762915,1.9870853424072266,6.911601190981657,0.8491066525847631,1.070972832477508,0.9485924184279924,3.5469678426824065,96.4530321573176,False,0.029411790892481804,0.001618355163373053,241.9468469619751
2024-09-05,29.059999465942383,26.928207,2.1317920684814453,7.335829689122514,0.8491066525847631,1.070972832477508,0.9485924184279924,3.5469678426824065,96.4530321573176,False,0.029411790892481804,0.001618355163373053,241.9468469619751
2024-09-06,29.239999771118164,27.15995,2.080049514770508,7.1137124864996695,0.8491066525847631,1.070972832477508,0.9485924184279924,3.5469678426824065,96.4530321573176,False,0.029411790892481804,0.001618355163373053,241.9468469619751
2024-09-09,28.86000061035156,27.380804,1.4791965484619105,5.1254210574456796,0.8491066525847631,1.070972832477508,0.9485924184279924,3.5469678426824065,96.4530321573176,False,0.029411790892481804,0.001618355163373053,241.9468469619751
2024-09-10,29.07999992370605,27.41016,1.6698398590087855,5.742227865851987,0.8491066525847631,1.070972832477508,0.9485924184279924,3.5469678426824065,96.4530321573176,False,0.029411790892481804,0.001618355163373053,241.9468469619751
2024-09-11,28.89999961853028,27.398262,1.5017375946044993,5.1963239253526,0.8491066525847631,1.070972832477508,0.9485924184279924,3.5469678426824065,96.4530321573176,False,0.029411790892481804,0.001618355163373053,241.9468469619751
2024-09-12,28.39999961853028,27.337854,1.062145233154304,3.7399480542995542,0.8491066525847631,1.070972832477508,0.9485924184279924,3.5469678426824065,96.4530321573176,False,0.029411790892481804,0.001618355163373053,241.9468469619751
2024-09-13,28.299999237060547,27.125513,1.1744861602783203,4.150127886718315,0.8491066525847631,1.070972832477508,0.9485924184279924,3.5469678426824065,96.4530321573176,False,0.029411790892481804,0.001618355163373053,241.9468469619751
2024-09-16,28.5,26.890152,1.6098480224609375,5.648589552494518,0.8491066525847631,1.070972832477508,0.9485924184279924,3.5469678426824065,96.4530321573176,False,0.029411790892481804,0.001618355163373053,241.9468469619751
2024-09-17,28.56999969482422,26.800047,1.7699527740478516,6.195144532565392,0.8491066525847631,1.070972832477508,0.9485924184279924,3.5469678426824065,96.4530321573176,False,0.029411790892481804,0.001618355163373053,241.9468469619751
2024-09-18,28.270000457763672,26.8348,1.4351997375488281,5.076758805480264,0.8491066525847631,1.070972832477508,0.9485924184279924,3.5469678426824065,96.4530321573176,False,0.029411790892481804,0.001618355163373053,241.9468469619751
2024-09-19,28.36000061035156,26.807325,1.5526752471923793,5.474877340537306,0.8491066525847631,1.070972832477508,0.9485924184279924,3.5469678426824065,96.4530321573176,False,0.029411790892481804,0.001618355163373053,241.9468469619751
2024-09-20,27.89999961853028,26.78665,1.1133499145507884,3.9905015404062487,0.8491066525847631,1.070972832477508,0.9485924184279924,3.5469678426824065,96.4530321573176,False,0.029411790892481804,0.001618355163373053,241.9468469619751
2024-09-23,27.5,26.642307,0.8576927185058594,3.1188826127485796,0.8491066525847631,1.070972832477508,0.9485924184279924,3.5469678426824065,96.4530321573176,False,0.029411790892481804,0.001618355163373053,241.9468469619751
2024-09-24,27.700000762939453,26.36015,1.3398513793945312,4.837008456646517,0.8491066525847631,1.070972832477508,0.9485924184279924,3.5469678426824065,96.4530321573176,False,0.029411790892481804,0.001618355163373053,241.9468469619751
2024-09-25,27.5,26.183254,1.3167457580566406,4.788166392933238,0.8491066525847631,1.070972832477508,0.9485924184279924,3.5469678426824065,96.4530321573176,False,0.029411790892481804,0.001618355163373053,241.9468469619751
2024-09-26,27.450000762939453,26.078514,1.3714866638183594,4.9963082903444525,0.8491066525847631,1.070972832477508,0.9485924184279924,3.5469678426824065,96.4530321573176,False,0.029411790892481804,0.001618355163373053,241.9468469619751
2024-09-27,27.479999542236328,26.01735,1.4626502990722656,5.322599430266347,0.8491066525847631,1.070972832477508,0.9485924184279924,3.5469678426824065,96.4530321573176,False,0.029411790892481804,0.001618355163373053,241.9468469619751
